#
#   a_vector =        13.9677214130        0.0000000000        0.0000000000
#   b_vector =        -6.9838604797       12.0963267845        0.0000000000
#   c_vector =         0.0000000000        0.0000000000       46.5590731845
#   ntyp =        3 natm =       21
# (natm->type)     2    2    1    1    1    1    1    1    1    1
# (natm->type)     1    1    1    1    1    1    1    1    1    1
# (natm->type)     3
# (speciesname)     1 :   C   
# (speciesname)     2 :   H   
# (speciesname)     3 :   O   
#
 cps and forc at (iter_ion, iter_total =     1      33 )
    1    0.656019673    7.755110055    4.403464489    0.024576    0.005581    0.004928
    2    3.721155403    7.755110055    4.403464489   -0.021636    0.007105    0.004230
    3    0.000000000    0.000000000    0.000000000   -0.017166    0.010306    0.000345
    4   -2.327953540    4.032109009    0.000000000   -0.015695    0.007957    0.000553
    5   -4.655907149    8.064218139    0.000000000   -0.017340    0.009478    0.000218
    6    4.655907231    0.000000000    0.000000000   -0.017123    0.010970    0.000255
    7    2.327953691    4.032109009    0.000000000   -0.016846    0.007089   -0.010465
    8    0.000000081    8.064218139    0.000000000   -0.019592    0.011057   -0.011324
    9    9.311814601    0.000000000    0.000000000   -0.015127    0.009889    0.000342
   10    6.983861061    4.032109009    0.000000000   -0.016542    0.009020    0.001207
   11    4.655907452    8.064218139    0.000000000   -0.014278    0.010601   -0.011717
   12   -0.000000089    2.688072592    0.000000000    0.017879   -0.008552   -0.000496
   13   -2.327953769    6.720181843    0.000000000    0.017126   -0.008923    0.000091
   14   -4.655907169   10.752290610    0.000000000    0.016033   -0.009321    0.000055
   15    4.655907281    2.688072592    0.000000000    0.015025   -0.008962   -0.000206
   16    2.327953602    6.720181843    0.000000000    0.018806   -0.013266   -0.015620
   17    0.000000202   10.752290610    0.000000000    0.016212   -0.010288   -0.000247
   18    9.311814512    2.688072592    0.000000000    0.016288   -0.009089   -0.000073
   19    6.983860832    6.720181843    0.000000000    0.016115   -0.009319   -0.000010
   20    4.655907432   10.752290610    0.000000000    0.016409   -0.009266   -0.000410
   21    2.188587589    6.759980209    4.403464489   -0.003981   -0.011581    0.040440
 cps and forc at (iter_ion, iter_total =     2      48 )
    1    0.680595646    7.760690869    4.408392739    0.017482    0.007245    0.004421
    2    3.699519886    7.762214890    4.407694888   -0.018432    0.006167    0.003829
    3    0.000000000    0.000000000    0.000000000   -0.017131    0.010252    0.000412
    4   -2.327953540    4.032109009    0.000000000   -0.015748    0.008131    0.000562
    5   -4.655907149    8.064218139    0.000000000   -0.017333    0.009438    0.000229
    6    4.655907231    0.000000000    0.000000000   -0.017118    0.010902    0.000286
    7    2.327953691    4.032109009    0.000000000   -0.016849    0.007251   -0.010070
    8    0.000000081    8.064218139    0.000000000   -0.019363    0.010944   -0.011019
    9    9.311814601    0.000000000    0.000000000   -0.015199    0.009895    0.000346
   10    6.983861061    4.032109009    0.000000000   -0.016596    0.009064    0.001177
   11    4.655907452    8.064218139    0.000000000   -0.014530    0.010454   -0.011185
   12   -0.000000089    2.688072592    0.000000000    0.017904   -0.008602   -0.000555
   13   -2.327953769    6.720181843    0.000000000    0.017028   -0.009036    0.000027
   14   -4.655907169   10.752290610    0.000000000    0.016074   -0.009305    0.000049
   15    4.655907281    2.688072592    0.000000000    0.015020   -0.009003   -0.000223
   16    2.327953602    6.720181843    0.000000000    0.018652   -0.013098   -0.014811
   17    0.000000202   10.752290610    0.000000000    0.016146   -0.010191   -0.000296
   18    9.311814512    2.688072592    0.000000000    0.016308   -0.009088   -0.000059
   19    6.983860832    6.720181843    0.000000000    0.016231   -0.009406   -0.000052
   20    4.655907432   10.752290610    0.000000000    0.016453   -0.009143   -0.000454
   21    2.184606428    6.748399245    4.443904745    0.000184   -0.012500    0.038910
 cps and forc at (iter_ion, iter_total =     3      73 )
    1    0.890064633    7.808257950    4.450397806   -0.037166    0.015854   -0.002019
    2    3.515113364    7.822771698    4.443751948    0.003590   -0.014163    0.006951
    3    0.000000000    0.000000000    0.000000000   -0.016271    0.010408    0.000689
    4   -2.327953540    4.032109009    0.000000000   -0.016316    0.008953    0.000659
    5   -4.655907149    8.064218139    0.000000000   -0.016758    0.009529    0.000241
    6    4.655907231    0.000000000    0.000000000   -0.017050    0.010440    0.000582
    7    2.327953691    4.032109009    0.000000000   -0.016858    0.008119   -0.006310
    8    0.000000081    8.064218139    0.000000000   -0.017756    0.009971   -0.006959
    9    9.311814601    0.000000000    0.000000000   -0.015689    0.010581    0.000104
   10    6.983861061    4.032109009    0.000000000   -0.016470    0.009087    0.000658
   11    4.655907452    8.064218139    0.000000000   -0.015770    0.009545   -0.006483
   12   -0.000000089    2.688072592    0.000000000    0.018127   -0.008788   -0.000927
   13   -2.327953769    6.720181843    0.000000000    0.016266   -0.009787   -0.000271
   14   -4.655907169   10.752290610    0.000000000    0.016546   -0.009133    0.000002
   15    4.655907281    2.688072592    0.000000000    0.015039   -0.008953   -0.000389
   16    2.327953602    6.720181843    0.000000000    0.017392   -0.012386   -0.008686
   17    0.000000202   10.752290610    0.000000000    0.015766   -0.009717   -0.000546
   18    9.311814512    2.688072592    0.000000000    0.016596   -0.008914    0.000033
   19    6.983860832    6.720181843    0.000000000    0.016746   -0.010041   -0.000011
   20    4.655907432   10.752290610    0.000000000    0.016470   -0.008770   -0.000336
   21    2.150673704    6.649690928    4.788590149    0.032742   -0.001902    0.025018
 cps and forc at (iter_ion, iter_total =     4      85 )
    1    0.852898323    7.824112264    4.448378636   -0.006198   -0.009442    0.005462
    2    3.518703458    7.808608264    4.450703029    0.011696   -0.005269    0.004432
    3    0.000000000    0.000000000    0.000000000   -0.016227    0.010412    0.000727
    4   -2.327953540    4.032109009    0.000000000   -0.016339    0.008898    0.000631
    5   -4.655907149    8.064218139    0.000000000   -0.016701    0.009550    0.000279
    6    4.655907231    0.000000000    0.000000000   -0.017032    0.010449    0.000564
    7    2.327953691    4.032109009    0.000000000   -0.016899    0.008215   -0.006048
    8    0.000000081    8.064218139    0.000000000   -0.017644    0.009882   -0.006571
    9    9.311814601    0.000000000    0.000000000   -0.015694    0.010588    0.000123
   10    6.983861061    4.032109009    0.000000000   -0.016509    0.009108    0.000706
   11    4.655907452    8.064218139    0.000000000   -0.015782    0.009594   -0.006344
   12   -0.000000089    2.688072592    0.000000000    0.018153   -0.008794   -0.000928
   13   -2.327953769    6.720181843    0.000000000    0.016152   -0.009786   -0.000286
   14   -4.655907169   10.752290610    0.000000000    0.016516   -0.009139    0.000018
   15    4.655907281    2.688072592    0.000000000    0.015072   -0.008976   -0.000404
   16    2.327953602    6.720181843    0.000000000    0.017402   -0.012397   -0.008566
   17    0.000000202   10.752290610    0.000000000    0.015746   -0.009597   -0.000548
   18    9.311814512    2.688072592    0.000000000    0.016602   -0.008902    0.000061
   19    6.983860832    6.720181843    0.000000000    0.016707   -0.010029   -0.000026
   20    4.655907432   10.752290610    0.000000000    0.016504   -0.008895   -0.000349
   21    2.183415381    6.647789381    4.813607805   -0.006258    0.014671    0.018866
 cps and forc at (iter_ion, iter_total =     5      94 )
    1    0.833696533    7.818462875    4.453976097   -0.000798   -0.010402    0.005974
    2    3.533266401    7.797962141    4.458042220    0.010827   -0.002637    0.003628
    3    0.000000000    0.000000000    0.000000000   -0.016203    0.010400    0.000720
    4   -2.327953540    4.032109009    0.000000000   -0.016405    0.008871    0.000600
    5   -4.655907149    8.064218139    0.000000000   -0.016655    0.009570    0.000266
    6    4.655907231    0.000000000    0.000000000   -0.017010    0.010425    0.000519
    7    2.327953691    4.032109009    0.000000000   -0.016893    0.008367   -0.005670
    8    0.000000081    8.064218139    0.000000000   -0.017517    0.009816   -0.006252
    9    9.311814601    0.000000000    0.000000000   -0.015747    0.010595    0.000144
   10    6.983861061    4.032109009    0.000000000   -0.016483    0.009113    0.000676
   11    4.655907452    8.064218139    0.000000000   -0.015837    0.009596   -0.006060
   12   -0.000000089    2.688072592    0.000000000    0.018122   -0.008807   -0.000878
   13   -2.327953769    6.720181843    0.000000000    0.016120   -0.009746   -0.000279
   14   -4.655907169   10.752290610    0.000000000    0.016538   -0.009148    0.000030
   15    4.655907281    2.688072592    0.000000000    0.015118   -0.008937   -0.000351
   16    2.327953602    6.720181843    0.000000000    0.017354   -0.012392   -0.008481
   17    0.000000202   10.752290610    0.000000000    0.015800   -0.009555   -0.000529
   18    9.311814512    2.688072592    0.000000000    0.016653   -0.008945    0.000084
   19    6.983860832    6.720181843    0.000000000    0.016686   -0.010006   -0.000016
   20    4.655907432   10.752290610    0.000000000    0.016475   -0.008949   -0.000357
   21    2.186912196    6.663969707    4.843359247   -0.010781    0.012665    0.017088
 cps and forc at (iter_ion, iter_total =     6     103 )
    1    0.755973054    7.781459384    4.487815094    0.014686   -0.007740    0.005951
    2    3.609710192    7.752744559    4.494479811   -0.005962   -0.001957    0.003468
    3    0.000000000    0.000000000    0.000000000   -0.016138    0.010207    0.000429
    4   -2.327953540    4.032109009    0.000000000   -0.016675    0.008719    0.000409
    5   -4.655907149    8.064218139    0.000000000   -0.016434    0.009646    0.000123
    6    4.655907231    0.000000000    0.000000000   -0.016885    0.010061    0.000256
    7    2.327953691    4.032109009    0.000000000   -0.016822    0.008960   -0.004019
    8    0.000000081    8.064218139    0.000000000   -0.016931    0.009550   -0.004835
    9    9.311814601    0.000000000    0.000000000   -0.015852    0.010665    0.000166
   10    6.983861061    4.032109009    0.000000000   -0.016469    0.009154    0.000574
   11    4.655907452    8.064218139    0.000000000   -0.016225    0.009374   -0.004584
   12   -0.000000089    2.688072592    0.000000000    0.017900   -0.008729   -0.000544
   13   -2.327953769    6.720181843    0.000000000    0.016102   -0.009509   -0.000182
   14   -4.655907169   10.752290610    0.000000000    0.016693   -0.009406    0.000026
   15    4.655907281    2.688072592    0.000000000    0.015378   -0.008899   -0.000107
   16    2.327953602    6.720181843    0.000000000    0.017064   -0.012177   -0.008672
   17    0.000000202   10.752290610    0.000000000    0.015933   -0.009384   -0.000502
   18    9.311814512    2.688072592    0.000000000    0.016873   -0.009284    0.000144
   19    6.983860832    6.720181843    0.000000000    0.016701   -0.009734    0.000084
   20    4.655907432   10.752290610    0.000000000    0.016450   -0.009059   -0.000355
   21    2.181913248    6.743860721    4.998760574   -0.010401    0.010019    0.009581
 cps and forc at (iter_ion, iter_total =     7     111 )
    1    0.737017140    7.760309649    4.508265505    0.014183   -0.002825    0.003685
    2    3.631793537    7.729094038    4.514783033   -0.010716   -0.000961    0.002915
    3    0.000000000    0.000000000    0.000000000   -0.016189    0.009969    0.000229
    4   -2.327953540    4.032109009    0.000000000   -0.016730    0.008658    0.000306
    5   -4.655907149    8.064218139    0.000000000   -0.016344    0.009674    0.000032
    6    4.655907231    0.000000000    0.000000000   -0.016810    0.009849    0.000108
    7    2.327953691    4.032109009    0.000000000   -0.016826    0.009376   -0.003257
    8    0.000000081    8.064218139    0.000000000   -0.016666    0.009373   -0.004182
    9    9.311814601    0.000000000    0.000000000   -0.015872    0.010617    0.000136
   10    6.983861061    4.032109009    0.000000000   -0.016462    0.009135    0.000588
   11    4.655907452    8.064218139    0.000000000   -0.016474    0.009193   -0.003900
   12   -0.000000089    2.688072592    0.000000000    0.017800   -0.008718   -0.000372
   13   -2.327953769    6.720181843    0.000000000    0.016078   -0.009439   -0.000076
   14   -4.655907169   10.752290610    0.000000000    0.016697   -0.009606   -0.000036
   15    4.655907281    2.688072592    0.000000000    0.015583   -0.008983    0.000005
   16    2.327953602    6.720181843    0.000000000    0.016963   -0.011945   -0.008666
   17    0.000000202   10.752290610    0.000000000    0.016010   -0.009296   -0.000429
   18    9.311814512    2.688072592    0.000000000    0.016893   -0.009455    0.000067
   19    6.983860832    6.720181843    0.000000000    0.016766   -0.009665    0.000132
   20    4.655907432   10.752290610    0.000000000    0.016449   -0.009074   -0.000310
   21    2.173933502    6.788273736    5.076786276   -0.005072    0.004983    0.012339
 cps and forc at (iter_ion, iter_total =     8     128 )
    1    0.684924073    7.691179643    4.581706281    0.020211    0.000408    0.001330
    2    3.687672498    7.644621782    4.590763133   -0.029981   -0.004544    0.006825
    3    0.000000000    0.000000000    0.000000000   -0.016424    0.009788   -0.000022
    4   -2.327953540    4.032109009    0.000000000   -0.016500    0.008594    0.000266
    5   -4.655907149    8.064218139    0.000000000   -0.016428    0.009694   -0.000095
    6    4.655907231    0.000000000    0.000000000   -0.016724    0.009935    0.000016
    7    2.327953691    4.032109009    0.000000000   -0.016647    0.010546   -0.000870
    8    0.000000081    8.064218139    0.000000000   -0.015940    0.009145   -0.001989
    9    9.311814601    0.000000000    0.000000000   -0.015936    0.010065   -0.000026
   10    6.983861061    4.032109009    0.000000000   -0.016767    0.009056    0.000628
   11    4.655907452    8.064218139    0.000000000   -0.017186    0.008900   -0.001820
   12   -0.000000089    2.688072592    0.000000000    0.017312   -0.009442   -0.000369
   13   -2.327953769    6.720181843    0.000000000    0.015896   -0.009816    0.000142
   14   -4.655907169   10.752290610    0.000000000    0.016707   -0.009716   -0.000238
   15    4.655907281    2.688072592    0.000000000    0.016180   -0.009755   -0.000127
   16    2.327953602    6.720181843    0.000000000    0.016819   -0.011172   -0.006476
   17    0.000000202   10.752290610    0.000000000    0.016366   -0.008874   -0.000113
   18    9.311814512    2.688072592    0.000000000    0.016587   -0.009671   -0.000144
   19    6.983860832    6.720181843    0.000000000    0.017008   -0.009772    0.000030
   20    4.655907432   10.752290610    0.000000000    0.016586   -0.008742   -0.000128
   21    2.150729806    6.944242848    5.383071215    0.008748    0.003899    0.002268
 cps and forc at (iter_ion, iter_total =     9     138 )
    1    0.713088810    7.685492420    4.588383925    0.009321    0.004566   -0.003223
    2    3.656005298    7.637275146    4.600827356   -0.018345   -0.000651    0.002224
    3    0.000000000    0.000000000    0.000000000   -0.016413    0.009832   -0.000001
    4   -2.327953540    4.032109009    0.000000000   -0.016487    0.008640    0.000261
    5   -4.655907149    8.064218139    0.000000000   -0.016441    0.009694   -0.000089
    6    4.655907231    0.000000000    0.000000000   -0.016737    0.009960    0.000041
    7    2.327953691    4.032109009    0.000000000   -0.016623    0.010510   -0.000754
    8    0.000000081    8.064218139    0.000000000   -0.015976    0.009163   -0.001884
    9    9.311814601    0.000000000    0.000000000   -0.015969    0.010030   -0.000040
   10    6.983861061    4.032109009    0.000000000   -0.016788    0.009059    0.000603
   11    4.655907452    8.064218139    0.000000000   -0.017155    0.008938   -0.001736
   12   -0.000000089    2.688072592    0.000000000    0.017300   -0.009503   -0.000384
   13   -2.327953769    6.720181843    0.000000000    0.015902   -0.009857    0.000148
   14   -4.655907169   10.752290610    0.000000000    0.016723   -0.009672   -0.000222
   15    4.655907281    2.688072592    0.000000000    0.016193   -0.009782   -0.000123
   16    2.327953602    6.720181843    0.000000000    0.016825   -0.011110   -0.006283
   17    0.000000202   10.752290610    0.000000000    0.016373   -0.008863   -0.000099
   18    9.311814512    2.688072592    0.000000000    0.016560   -0.009647   -0.000130
   19    6.983860832    6.720181843    0.000000000    0.017022   -0.009819    0.000016
   20    4.655907432   10.752290610    0.000000000    0.016579   -0.008756   -0.000105
   21    2.151602354    6.957628339    5.398207160    0.008051   -0.004101    0.011187
 cps and forc at (iter_ion, iter_total =    10     155 )
    1    0.753083162    7.639501826    4.638449773    0.003286    0.002068   -0.000931
    2    3.599079119    7.572893401    4.667944092   -0.003722    0.000202   -0.000180
    3    0.000000000    0.000000000    0.000000000   -0.016445    0.010258    0.000231
    4   -2.327953540    4.032109009    0.000000000   -0.016488    0.008895    0.000243
    5   -4.655907149    8.064218139    0.000000000   -0.016655    0.009747    0.000074
    6    4.655907231    0.000000000    0.000000000   -0.016900    0.010318    0.000164
    7    2.327953691    4.032109009    0.000000000   -0.016457    0.009898   -0.000447
    8    0.000000081    8.064218139    0.000000000   -0.016062    0.009392   -0.000604
    9    9.311814601    0.000000000    0.000000000   -0.016437    0.009645   -0.000094
   10    6.983861061    4.032109009    0.000000000   -0.016961    0.008939    0.000310
   11    4.655907452    8.064218139    0.000000000   -0.016728    0.009467   -0.000629
   12   -0.000000089    2.688072592    0.000000000    0.017302   -0.009780   -0.000410
   13   -2.327953769    6.720181843    0.000000000    0.015621   -0.010176    0.000086
   14   -4.655907169   10.752290610    0.000000000    0.016822   -0.009147   -0.000026
   15    4.655907281    2.688072592    0.000000000    0.016194   -0.009699   -0.000038
   16    2.327953602    6.720181843    0.000000000    0.016829   -0.011018   -0.004506
   17    0.000000202   10.752290610    0.000000000    0.016539   -0.008861   -0.000171
   18    9.311814512    2.688072592    0.000000000    0.016506   -0.009180    0.000031
   19    6.983860832    6.720181843    0.000000000    0.017160   -0.010134   -0.000091
   20    4.655907432   10.752290610    0.000000000    0.016502   -0.008758   -0.000083
   21    2.150361511    7.068601871    5.624573935   -0.000147   -0.001467    0.007842
 cps and forc at (iter_ion, iter_total =    11     175 )
    1    0.793479026    7.546656351    4.740491871    0.014977   -0.004148    0.031826
    2    3.540537431    7.447614366    4.792608463   -0.016207   -0.005391    0.031106
    3    0.000000000    0.000000000    0.000000000   -0.016855    0.009854   -0.000126
    4   -2.327953540    4.032109009    0.000000000   -0.016990    0.009035    0.000104
    5   -4.655907149    8.064218139    0.000000000   -0.016799    0.009452   -0.000043
    6    4.655907231    0.000000000    0.000000000   -0.016791    0.010266   -0.000170
    7    2.327953691    4.032109009    0.000000000   -0.016349    0.008522   -0.001092
    8    0.000000081    8.064218139    0.000000000   -0.016713    0.009266   -0.000258
    9    9.311814601    0.000000000    0.000000000   -0.016715    0.009720    0.000150
   10    6.983861061    4.032109009    0.000000000   -0.017077    0.009318    0.000176
   11    4.655907452    8.064218139    0.000000000   -0.015656    0.009441   -0.000768
   12   -0.000000089    2.688072592    0.000000000    0.017057   -0.009209    0.000038
   13   -2.327953769    6.720181843    0.000000000    0.015798   -0.009912    0.000251
   14   -4.655907169   10.752290610    0.000000000    0.016949   -0.009944   -0.000135
   15    4.655907281    2.688072592    0.000000000    0.016531   -0.009617   -0.000004
   16    2.327953602    6.720181843    0.000000000    0.016555   -0.010921   -0.001795
   17    0.000000202   10.752290610    0.000000000    0.016480   -0.008263   -0.000078
   18    9.311814512    2.688072592    0.000000000    0.017018   -0.009601    0.000035
   19    6.983860832    6.720181843    0.000000000    0.017203   -0.009870    0.000339
   20    4.655907432   10.752290610    0.000000000    0.016575   -0.008905   -0.000046
   21    2.135329347    7.290135234    6.059765019    0.000916    0.010253   -0.058110
 cps and forc at (iter_ion, iter_total =    12     192 )
    1    0.777154202    7.619955971    4.666486963   -0.000919    0.001243    0.000639
    2    3.570040950    7.543926924    4.702698035    0.001287   -0.000735    0.000777
    3    0.000000000    0.000000000    0.000000000   -0.016487    0.010238    0.000179
    4   -2.327953540    4.032109009    0.000000000   -0.016645    0.008961    0.000200
    5   -4.655907149    8.064218139    0.000000000   -0.016781    0.009686    0.000106
    6    4.655907231    0.000000000    0.000000000   -0.016898    0.010319    0.000061
    7    2.327953691    4.032109009    0.000000000   -0.016388    0.009446   -0.000713
    8    0.000000081    8.064218139    0.000000000   -0.016197    0.009454   -0.000208
    9    9.311814601    0.000000000    0.000000000   -0.016623    0.009549   -0.000087
   10    6.983861061    4.032109009    0.000000000   -0.016990    0.008943    0.000150
   11    4.655907452    8.064218139    0.000000000   -0.016466    0.009653   -0.000356
   12   -0.000000089    2.688072592    0.000000000    0.017376   -0.009615   -0.000276
   13   -2.327953769    6.720181843    0.000000000    0.015544   -0.010134    0.000080
   14   -4.655907169   10.752290610    0.000000000    0.016872   -0.009138    0.000009
   15    4.655907281    2.688072592    0.000000000    0.016184   -0.009514    0.000082
   16    2.327953602    6.720181843    0.000000000    0.016859   -0.011138   -0.003853
   17    0.000000202   10.752290610    0.000000000    0.016523   -0.008810   -0.000249
   18    9.311814512    2.688072592    0.000000000    0.016638   -0.009120    0.000112
   19    6.983860832    6.720181843    0.000000000    0.017151   -0.010165   -0.000050
   20    4.655907432   10.752290610    0.000000000    0.016467   -0.008781   -0.000136
   21    2.146355406    7.119020034    5.725039276   -0.000647    0.001499    0.003395
 cps and forc at (iter_ion, iter_total =    13     199 )
    1    0.781641020    7.609422533    4.682420781   -0.000437    0.000434    0.002633
    2    3.563602088    7.527753274    4.721376825    0.000521   -0.001668    0.002837
    3    0.000000000    0.000000000    0.000000000   -0.016517    0.010215    0.000120
    4   -2.327953540    4.032109009    0.000000000   -0.016727    0.008973    0.000190
    5   -4.655907149    8.064218139    0.000000000   -0.016811    0.009674    0.000106
    6    4.655907231    0.000000000    0.000000000   -0.016893    0.010285    0.000005
    7    2.327953691    4.032109009    0.000000000   -0.016394    0.009196   -0.000876
    8    0.000000081    8.064218139    0.000000000   -0.016245    0.009449   -0.000096
    9    9.311814601    0.000000000    0.000000000   -0.016704    0.009522   -0.000068
   10    6.983861061    4.032109009    0.000000000   -0.017001    0.008975    0.000105
   11    4.655907452    8.064218139    0.000000000   -0.016323    0.009708   -0.000306
   12   -0.000000089    2.688072592    0.000000000    0.017378   -0.009480   -0.000183
   13   -2.327953769    6.720181843    0.000000000    0.015535   -0.010076    0.000083
   14   -4.655907169   10.752290610    0.000000000    0.016916   -0.009208    0.000032
   15    4.655907281    2.688072592    0.000000000    0.016207   -0.009447    0.000139
   16    2.327953602    6.720181843    0.000000000    0.016839   -0.011154   -0.003540
   17    0.000000202   10.752290610    0.000000000    0.016517   -0.008755   -0.000239
   18    9.311814512    2.688072592    0.000000000    0.016709   -0.009170    0.000146
   19    6.983860832    6.720181843    0.000000000    0.017135   -0.010124   -0.000010
   20    4.655907432   10.752290610    0.000000000    0.016428   -0.008833   -0.000169
   21    2.144053817    7.147892302    5.774994983   -0.000335    0.003773   -0.001656
 cps and forc at (iter_ion, iter_total =    14     213 )
    1    0.790821838    7.585410108    4.722829643    0.000460   -0.000580    0.007081
    2    3.549378244    7.488214898    4.768674545   -0.000803   -0.002815    0.007261
    3    0.000000000    0.000000000    0.000000000   -0.016665    0.010075   -0.000018
    4   -2.327953540    4.032109009    0.000000000   -0.016886    0.009013    0.000121
    5   -4.655907149    8.064218139    0.000000000   -0.016844    0.009590    0.000054
    6    4.655907231    0.000000000    0.000000000   -0.016840    0.010253   -0.000105
    7    2.327953691    4.032109009    0.000000000   -0.016359    0.008760   -0.001107
    8    0.000000081    8.064218139    0.000000000   -0.016338    0.009313    0.000034
    9    9.311814601    0.000000000    0.000000000   -0.016805    0.009604   -0.000003
   10    6.983861061    4.032109009    0.000000000   -0.017057    0.009098    0.000085
   11    4.655907452    8.064218139    0.000000000   -0.016039    0.009675   -0.000324
   12   -0.000000089    2.688072592    0.000000000    0.017309   -0.009175   -0.000024
   13   -2.327953769    6.720181843    0.000000000    0.015651   -0.009925    0.000116
   14   -4.655907169   10.752290610    0.000000000    0.016943   -0.009521   -0.000015
   15    4.655907281    2.688072592    0.000000000    0.016364   -0.009406    0.000162
   16    2.327953602    6.720181843    0.000000000    0.016735   -0.011048   -0.002786
   17    0.000000202   10.752290610    0.000000000    0.016499   -0.008610   -0.000198
   18    9.311814512    2.688072592    0.000000000    0.016902   -0.009325    0.000194
   19    6.983860832    6.720181843    0.000000000    0.017136   -0.009983    0.000117
   20    4.655907432   10.752290610    0.000000000    0.016448   -0.008961   -0.000140
   21    2.139072255    7.219874993    5.884040089    0.000040    0.004210   -0.010814
 cps and forc at (iter_ion, iter_total =    15     220 )
    1    0.790041344    7.587307390    4.724499116   -0.001094    0.000080    0.004791
    2    3.550244882    7.488625515    4.770246310    0.000949   -0.002251    0.004958
    3    0.000000000    0.000000000    0.000000000   -0.016658    0.010092   -0.000011
    4   -2.327953540    4.032109009    0.000000000   -0.016877    0.009013    0.000125
    5   -4.655907149    8.064218139    0.000000000   -0.016841    0.009590    0.000056
    6    4.655907231    0.000000000    0.000000000   -0.016841    0.010253   -0.000094
    7    2.327953691    4.032109009    0.000000000   -0.016361    0.008781   -0.001097
    8    0.000000081    8.064218139    0.000000000   -0.016319    0.009314    0.000026
    9    9.311814601    0.000000000    0.000000000   -0.016805    0.009599   -0.000010
   10    6.983861061    4.032109009    0.000000000   -0.017048    0.009091    0.000081
   11    4.655907452    8.064218139    0.000000000   -0.016066    0.009681   -0.000315
   12   -0.000000089    2.688072592    0.000000000    0.017322   -0.009185   -0.000031
   13   -2.327953769    6.720181843    0.000000000    0.015651   -0.009924    0.000107
   14   -4.655907169   10.752290610    0.000000000    0.016937   -0.009502   -0.000007
   15    4.655907281    2.688072592    0.000000000    0.016354   -0.009393    0.000165
   16    2.327953602    6.720181843    0.000000000    0.016743   -0.011041   -0.002849
   17    0.000000202   10.752290610    0.000000000    0.016497   -0.008636   -0.000203
   18    9.311814512    2.688072592    0.000000000    0.016890   -0.009321    0.000200
   19    6.983860832    6.720181843    0.000000000    0.017130   -0.009985    0.000104
   20    4.655907432   10.752290610    0.000000000    0.016443   -0.008972   -0.000144
   21    2.139234549    7.218195315    5.873508766   -0.000137    0.002902   -0.006171
 cps and forc at (iter_ion, iter_total =    16     227 )
    1    0.789405752    7.580519127    4.754106404   -0.004184    0.001300    0.001042
    2    3.548379464    7.466308446    4.803550019    0.003944   -0.001405    0.001468
    3    0.000000000    0.000000000    0.000000000   -0.016713    0.010038   -0.000073
    4   -2.327953540    4.032109009    0.000000000   -0.016919    0.009058    0.000089
    5   -4.655907149    8.064218139    0.000000000   -0.016839    0.009555    0.000025
    6    4.655907231    0.000000000    0.000000000   -0.016798    0.010241   -0.000130
    7    2.327953691    4.032109009    0.000000000   -0.016373    0.008686   -0.001111
    8    0.000000081    8.064218139    0.000000000   -0.016342    0.009217   -0.000004
    9    9.311814601    0.000000000    0.000000000   -0.016832    0.009630    0.000009
   10    6.983861061    4.032109009    0.000000000   -0.017066    0.009171    0.000088
   11    4.655907452    8.064218139    0.000000000   -0.016047    0.009599   -0.000369
   12   -0.000000089    2.688072592    0.000000000    0.017254   -0.009097   -0.000018
   13   -2.327953769    6.720181843    0.000000000    0.015696   -0.009844    0.000110
   14   -4.655907169   10.752290610    0.000000000    0.016965   -0.009657   -0.000053
   15    4.655907281    2.688072592    0.000000000    0.016412   -0.009421    0.000136
   16    2.327953602    6.720181843    0.000000000    0.016711   -0.010972   -0.002607
   17    0.000000202   10.752290610    0.000000000    0.016511   -0.008566   -0.000182
   18    9.311814512    2.688072592    0.000000000    0.016957   -0.009455    0.000182
   19    6.983860832    6.720181843    0.000000000    0.017083   -0.009890    0.000155
   20    4.655907432   10.752290610    0.000000000    0.016484   -0.008977   -0.000142
   21    2.136617705    7.253669059    5.902155795   -0.000037    0.000464    0.001679
 cps and forc at (iter_ion, iter_total =    17     235 )
    1    0.787594069    7.555737464    4.837963014   -0.006050    0.001728   -0.000547
    2    3.541727117    7.398348011    4.899245349    0.003710   -0.001363    0.001485
    3    0.000000000    0.000000000    0.000000000   -0.016829    0.009917   -0.000184
    4   -2.327953540    4.032109009    0.000000000   -0.016969    0.009153    0.000047
    5   -4.655907149    8.064218139    0.000000000   -0.016819    0.009472   -0.000073
    6    4.655907231    0.000000000    0.000000000   -0.016773    0.010186   -0.000164
    7    2.327953691    4.032109009    0.000000000   -0.016435    0.008525   -0.000965
    8    0.000000081    8.064218139    0.000000000   -0.016494    0.009140   -0.000191
    9    9.311814601    0.000000000    0.000000000   -0.016713    0.009742    0.000109
   10    6.983861061    4.032109009    0.000000000   -0.017046    0.009427    0.000135
   11    4.655907452    8.064218139    0.000000000   -0.015957    0.009351   -0.000724
   12   -0.000000089    2.688072592    0.000000000    0.016979   -0.009062   -0.000032
   13   -2.327953769    6.720181843    0.000000000    0.015947   -0.009746    0.000130
   14   -4.655907169   10.752290610    0.000000000    0.016953   -0.010056   -0.000147
   15    4.655907281    2.688072592    0.000000000    0.016597   -0.009605   -0.000028
   16    2.327953602    6.720181843    0.000000000    0.016542   -0.010711   -0.001811
   17    0.000000202   10.752290610    0.000000000    0.016543   -0.008418   -0.000051
   18    9.311814512    2.688072592    0.000000000    0.017040   -0.009816    0.000067
   19    6.983860832    6.720181843    0.000000000    0.016993   -0.009693    0.000305
   20    4.655907432   10.752290610    0.000000000    0.016668   -0.009024   -0.000097
   21    2.129077950    7.363319184    6.016467859    0.001964   -0.000837    0.003839
 cps and forc at (iter_ion, iter_total =    18     244 )
    1    0.778048630    7.533333003    4.923329223   -0.001486    0.001528    0.004142
    2    3.539005270    7.327780248    4.999646173   -0.001984   -0.000610    0.006455
    3    0.000000000    0.000000000    0.000000000   -0.016838    0.009929   -0.000139
    4   -2.327953540    4.032109009    0.000000000   -0.016922    0.009227   -0.000008
    5   -4.655907149    8.064218139    0.000000000   -0.016722    0.009643   -0.000013
    6    4.655907231    0.000000000    0.000000000   -0.016841    0.010135   -0.000072
    7    2.327953691    4.032109009    0.000000000   -0.016527    0.008651   -0.000656
    8    0.000000081    8.064218139    0.000000000   -0.016815    0.009356   -0.000392
    9    9.311814601    0.000000000    0.000000000   -0.016517    0.009738    0.000203
   10    6.983861061    4.032109009    0.000000000   -0.016963    0.009528    0.000147
   11    4.655907452    8.064218139    0.000000000   -0.015973    0.009377   -0.001018
   12   -0.000000089    2.688072592    0.000000000    0.016703   -0.009322   -0.000185
   13   -2.327953769    6.720181843    0.000000000    0.016256   -0.009791    0.000111
   14   -4.655907169   10.752290610    0.000000000    0.016872   -0.010126   -0.000136
   15    4.655907281    2.688072592    0.000000000    0.016767   -0.009849   -0.000165
   16    2.327953602    6.720181843    0.000000000    0.016578   -0.010395   -0.001143
   17    0.000000202   10.752290610    0.000000000    0.016757   -0.008465    0.000028
   18    9.311814512    2.688072592    0.000000000    0.016891   -0.009958    0.000001
   19    6.983860832    6.720181843    0.000000000    0.016925   -0.009675    0.000321
   20    4.655907432   10.752290610    0.000000000    0.016929   -0.008939   -0.000043
   21    2.124754872    7.472999410    6.130871891    0.002798    0.000832   -0.008561
 cps and forc at (iter_ion, iter_total =    19     257 )
    1    0.749643676    7.534221221    4.979641221    0.005822    0.001246    0.006104
    2    3.553222720    7.284043347    5.070696883   -0.004838   -0.000023    0.004369
    3    0.000000000    0.000000000    0.000000000   -0.016828    0.009953   -0.000085
    4   -2.327953540    4.032109009    0.000000000   -0.016844    0.009251   -0.000011
    5   -4.655907149    8.064218139    0.000000000   -0.016669    0.009779    0.000026
    6    4.655907231    0.000000000    0.000000000   -0.016840    0.010080   -0.000055
    7    2.327953691    4.032109009    0.000000000   -0.016636    0.008755   -0.000503
    8    0.000000081    8.064218139    0.000000000   -0.016890    0.009501   -0.000477
    9    9.311814601    0.000000000    0.000000000   -0.016444    0.009761    0.000245
   10    6.983861061    4.032109009    0.000000000   -0.016899    0.009502    0.000129
   11    4.655907452    8.064218139    0.000000000   -0.016053    0.009530   -0.001047
   12   -0.000000089    2.688072592    0.000000000    0.016564   -0.009475   -0.000232
   13   -2.327953769    6.720181843    0.000000000    0.016357   -0.009756    0.000089
   14   -4.655907169   10.752290610    0.000000000    0.016844   -0.010027   -0.000080
   15    4.655907281    2.688072592    0.000000000    0.016762   -0.009913   -0.000167
   16    2.327953602    6.720181843    0.000000000    0.016563   -0.010276   -0.000936
   17    0.000000202   10.752290610    0.000000000    0.016929   -0.008563    0.000056
   18    9.311814512    2.688072592    0.000000000    0.016826   -0.009974   -0.000001
   19    6.983860832    6.720181843    0.000000000    0.016872   -0.009671    0.000296
   20    4.655907432   10.752290610    0.000000000    0.017065   -0.008893   -0.000021
   21    2.128369987    7.529543181    6.170808730   -0.001896   -0.000117   -0.009179
 cps and forc at (iter_ion, iter_total =    20     264 )
    1    0.743739664    7.542961767    4.983815814    0.004356    0.000935    0.002323
    2    3.558097180    7.284665232    5.075069449   -0.002540   -0.000665    0.000226
    3    0.000000000    0.000000000    0.000000000   -0.016832    0.009950   -0.000103
    4   -2.327953540    4.032109009    0.000000000   -0.016851    0.009249   -0.000017
    5   -4.655907149    8.064218139    0.000000000   -0.016684    0.009759    0.000012
    6    4.655907231    0.000000000    0.000000000   -0.016834    0.010069   -0.000062
    7    2.327953691    4.032109009    0.000000000   -0.016634    0.008789   -0.000535
    8    0.000000081    8.064218139    0.000000000   -0.016829    0.009455   -0.000440
    9    9.311814601    0.000000000    0.000000000   -0.016447    0.009766    0.000227
   10    6.983861061    4.032109009    0.000000000   -0.016914    0.009514    0.000126
   11    4.655907452    8.064218139    0.000000000   -0.016110    0.009487   -0.001035
   12   -0.000000089    2.688072592    0.000000000    0.016584   -0.009432   -0.000223
   13   -2.327953769    6.720181843    0.000000000    0.016356   -0.009737    0.000090
   14   -4.655907169   10.752290610    0.000000000    0.016849   -0.010043   -0.000097
   15    4.655907281    2.688072592    0.000000000    0.016761   -0.009896   -0.000164
   16    2.327953602    6.720181843    0.000000000    0.016581   -0.010285   -0.000982
   17    0.000000202   10.752290610    0.000000000    0.016898   -0.008566    0.000056
   18    9.311814512    2.688072592    0.000000000    0.016853   -0.009998    0.000006
   19    6.983860832    6.720181843    0.000000000    0.016859   -0.009649    0.000300
   20    4.655907432   10.752290610    0.000000000    0.017032   -0.008916   -0.000038
   21    2.128546082    7.521756175    6.154067887   -0.002803    0.000854   -0.001137
 cps and forc at (iter_ion, iter_total =    21     278 )
    1    0.744934350    7.538527673    5.034571587    0.000497    0.000946   -0.000556
    2    3.552486169    7.249398594    5.130413376   -0.005604    0.000174    0.002744
    3    0.000000000    0.000000000    0.000000000   -0.016812    0.009941   -0.000057
    4   -2.327953540    4.032109009    0.000000000   -0.016801    0.009257   -0.000018
    5   -4.655907149    8.064218139    0.000000000   -0.016606    0.009875    0.000044
    6    4.655907231    0.000000000    0.000000000   -0.016817    0.010017   -0.000038
    7    2.327953691    4.032109009    0.000000000   -0.016665    0.008844   -0.000401
    8    0.000000081    8.064218139    0.000000000   -0.016974    0.009678   -0.000536
    9    9.311814601    0.000000000    0.000000000   -0.016449    0.009726    0.000232
   10    6.983861061    4.032109009    0.000000000   -0.016832    0.009478    0.000089
   11    4.655907452    8.064218139    0.000000000   -0.016117    0.009722   -0.001074
   12   -0.000000089    2.688072592    0.000000000    0.016485   -0.009592   -0.000262
   13   -2.327953769    6.720181843    0.000000000    0.016411   -0.009710    0.000048
   14   -4.655907169   10.752290610    0.000000000    0.016813   -0.009953   -0.000064
   15    4.655907281    2.688072592    0.000000000    0.016777   -0.009922   -0.000156
   16    2.327953602    6.720181843    0.000000000    0.016570   -0.010164   -0.000806
   17    0.000000202   10.752290610    0.000000000    0.017053   -0.008638    0.000041
   18    9.311814512    2.688072592    0.000000000    0.016754   -0.009942   -0.000014
   19    6.983860832    6.720181843    0.000000000    0.016819   -0.009672    0.000240
   20    4.655907432   10.752290610    0.000000000    0.017125   -0.008886   -0.000031
   21    2.122350592    7.573089658    6.199332590    0.003917   -0.001250   -0.000906
 cps and forc at (iter_ion, iter_total =    22     284 )
    1    0.748912316    7.537143036    5.048588181   -0.000610    0.001039   -0.000583
    2    3.543120677    7.239532862    5.148108694   -0.003048   -0.000227    0.001697
    3    0.000000000    0.000000000    0.000000000   -0.016810    0.009918   -0.000032
    4   -2.327953540    4.032109009    0.000000000   -0.016786    0.009260   -0.000020
    5   -4.655907149    8.064218139    0.000000000   -0.016577    0.009918    0.000068
    6    4.655907231    0.000000000    0.000000000   -0.016814    0.009990   -0.000031
    7    2.327953691    4.032109009    0.000000000   -0.016666    0.008847   -0.000367
    8    0.000000081    8.064218139    0.000000000   -0.017032    0.009733   -0.000554
    9    9.311814601    0.000000000    0.000000000   -0.016457    0.009707    0.000233
   10    6.983861061    4.032109009    0.000000000   -0.016804    0.009463    0.000081
   11    4.655907452    8.064218139    0.000000000   -0.016110    0.009787   -0.001061
   12   -0.000000089    2.688072592    0.000000000    0.016466   -0.009640   -0.000275
   13   -2.327953769    6.720181843    0.000000000    0.016411   -0.009705    0.000046
   14   -4.655907169   10.752290610    0.000000000    0.016799   -0.009927   -0.000054
   15    4.655907281    2.688072592    0.000000000    0.016769   -0.009921   -0.000148
   16    2.327953602    6.720181843    0.000000000    0.016574   -0.010124   -0.000755
   17    0.000000202   10.752290610    0.000000000    0.017073   -0.008668    0.000041
   18    9.311814512    2.688072592    0.000000000    0.016733   -0.009914   -0.000017
   19    6.983860832    6.720181843    0.000000000    0.016821   -0.009679    0.000219
   20    4.655907432   10.752290610    0.000000000    0.017162   -0.008884   -0.000032
   21    2.123294158    7.587551257    6.214448358    0.002521   -0.001460    0.000112
 cps and forc at (iter_ion, iter_total =    23     290 )
    1    0.750163230    7.538118031    5.061438641   -0.000604    0.001117   -0.000050
    2    3.534623373    7.229687975    5.165584544   -0.000043   -0.000880   -0.000046
    3    0.000000000    0.000000000    0.000000000   -0.016807    0.009907   -0.000016
    4   -2.327953540    4.032109009    0.000000000   -0.016769    0.009261   -0.000019
    5   -4.655907149    8.064218139    0.000000000   -0.016561    0.009944    0.000085
    6    4.655907231    0.000000000    0.000000000   -0.016816    0.009962   -0.000028
    7    2.327953691    4.032109009    0.000000000   -0.016675    0.008856   -0.000342
    8    0.000000081    8.064218139    0.000000000   -0.017076    0.009779   -0.000579
    9    9.311814601    0.000000000    0.000000000   -0.016467    0.009682    0.000229
   10    6.983861061    4.032109009    0.000000000   -0.016784    0.009462    0.000075
   11    4.655907452    8.064218139    0.000000000   -0.016102    0.009842   -0.001046
   12   -0.000000089    2.688072592    0.000000000    0.016454   -0.009678   -0.000281
   13   -2.327953769    6.720181843    0.000000000    0.016404   -0.009706    0.000038
   14   -4.655907169   10.752290610    0.000000000    0.016781   -0.009898   -0.000043
   15    4.655907281    2.688072592    0.000000000    0.016771   -0.009924   -0.000137
   16    2.327953602    6.720181843    0.000000000    0.016592   -0.010098   -0.000714
   17    0.000000202   10.752290610    0.000000000    0.017088   -0.008681    0.000042
   18    9.311814512    2.688072592    0.000000000    0.016712   -0.009898   -0.000021
   19    6.983860832    6.720181843    0.000000000    0.016813   -0.009692    0.000194
   20    4.655907432   10.752290610    0.000000000    0.017196   -0.008884   -0.000031
   21    2.125186843    7.598618005    6.227415315   -0.000467   -0.001311    0.001416
 cps and forc at (iter_ion, iter_total =    24     297 )
    1    0.748854295    7.539902072    5.074412660   -0.000394    0.001130    0.000224
    2    3.530974716    7.219348002    5.181618377    0.000297   -0.000951   -0.000219
    3    0.000000000    0.000000000    0.000000000   -0.016811    0.009891   -0.000000
    4   -2.327953540    4.032109009    0.000000000   -0.016753    0.009258   -0.000014
    5   -4.655907149    8.064218139    0.000000000   -0.016543    0.009962    0.000092
    6    4.655907231    0.000000000    0.000000000   -0.016814    0.009932   -0.000032
    7    2.327953691    4.032109009    0.000000000   -0.016680    0.008867   -0.000322
    8    0.000000081    8.064218139    0.000000000   -0.017109    0.009826   -0.000601
    9    9.311814601    0.000000000    0.000000000   -0.016466    0.009660    0.000232
   10    6.983861061    4.032109009    0.000000000   -0.016765    0.009457    0.000073
   11    4.655907452    8.064218139    0.000000000   -0.016111    0.009900   -0.001036
   12   -0.000000089    2.688072592    0.000000000    0.016448   -0.009697   -0.000285
   13   -2.327953769    6.720181843    0.000000000    0.016412   -0.009706    0.000037
   14   -4.655907169   10.752290610    0.000000000    0.016770   -0.009863   -0.000034
   15    4.655907281    2.688072592    0.000000000    0.016767   -0.009921   -0.000129
   16    2.327953602    6.720181843    0.000000000    0.016607   -0.010082   -0.000688
   17    0.000000202   10.752290610    0.000000000    0.017108   -0.008694    0.000042
   18    9.311814512    2.688072592    0.000000000    0.016691   -0.009867   -0.000029
   19    6.983860832    6.720181843    0.000000000    0.016799   -0.009712    0.000174
   20    4.655907432   10.752290610    0.000000000    0.017215   -0.008888   -0.000036
   21    2.125056919    7.608601596    6.239584952   -0.001055   -0.001626    0.001607
 cps and forc at (iter_ion, iter_total =    25     304 )
    1    0.744460468    7.547794826    5.098913177    0.000445    0.001126    0.000880
    2    3.523206837    7.198128078    5.212482776    0.001223   -0.001244   -0.000970
    3    0.000000000    0.000000000    0.000000000   -0.016815    0.009873    0.000017
    4   -2.327953540    4.032109009    0.000000000   -0.016730    0.009264   -0.000010
    5   -4.655907149    8.064218139    0.000000000   -0.016513    0.009975    0.000108
    6    4.655907231    0.000000000    0.000000000   -0.016807    0.009895   -0.000040
    7    2.327953691    4.032109009    0.000000000   -0.016685    0.008870   -0.000284
    8    0.000000081    8.064218139    0.000000000   -0.017154    0.009882   -0.000633
    9    9.311814601    0.000000000    0.000000000   -0.016446    0.009631    0.000250
   10    6.983861061    4.032109009    0.000000000   -0.016750    0.009445    0.000072
   11    4.655907452    8.064218139    0.000000000   -0.016123    0.009983   -0.001019
   12   -0.000000089    2.688072592    0.000000000    0.016443   -0.009715   -0.000287
   13   -2.327953769    6.720181843    0.000000000    0.016423   -0.009711    0.000041
   14   -4.655907169   10.752290610    0.000000000    0.016734   -0.009824   -0.000023
   15    4.655907281    2.688072592    0.000000000    0.016764   -0.009897   -0.000105
   16    2.327953602    6.720181843    0.000000000    0.016622   -0.010045   -0.000644
   17    0.000000202   10.752290610    0.000000000    0.017135   -0.008716    0.000041
   18    9.311814512    2.688072592    0.000000000    0.016668   -0.009826   -0.000040
   19    6.983860832    6.720181843    0.000000000    0.016788   -0.009734    0.000150
   20    4.655907432   10.752290610    0.000000000    0.017226   -0.008912   -0.000037
   21    2.124407718    7.621824835    6.262612802   -0.002874   -0.001816    0.001966
 cps and forc at (iter_ion, iter_total =    26     311 )
    1    0.727608782    7.586280772    5.125311188    0.005073    0.000786    0.003241
    2    3.507699241    7.162707371    5.249995087    0.005399   -0.002846   -0.005490
    3    0.000000000    0.000000000    0.000000000   -0.016894    0.009888    0.000020
    4   -2.327953540    4.032109009    0.000000000   -0.016723    0.009243    0.000011
    5   -4.655907149    8.064218139    0.000000000   -0.016464    0.009915    0.000134
    6    4.655907231    0.000000000    0.000000000   -0.016851    0.009949   -0.000058
    7    2.327953691    4.032109009    0.000000000   -0.016661    0.008923   -0.000287
    8    0.000000081    8.064218139    0.000000000   -0.017143    0.009795   -0.000686
    9    9.311814601    0.000000000    0.000000000   -0.016382    0.009592    0.000298
   10    6.983861061    4.032109009    0.000000000   -0.016762    0.009430    0.000096
   11    4.655907452    8.064218139    0.000000000   -0.016129    0.009927   -0.001025
   12   -0.000000089    2.688072592    0.000000000    0.016474   -0.009685   -0.000281
   13   -2.327953769    6.720181843    0.000000000    0.016434   -0.009777    0.000076
   14   -4.655907169   10.752290610    0.000000000    0.016714   -0.009839   -0.000015
   15    4.655907281    2.688072592    0.000000000    0.016742   -0.009867   -0.000115
   16    2.327953602    6.720181843    0.000000000    0.016621   -0.010046   -0.000613
   17    0.000000202   10.752290610    0.000000000    0.017132   -0.008740    0.000036
   18    9.311814512    2.688072592    0.000000000    0.016675   -0.009780   -0.000072
   19    6.983860832    6.720181843    0.000000000    0.016763   -0.009760    0.000140
   20    4.655907432   10.752290610    0.000000000    0.017213   -0.009000   -0.000012
   21    2.121139905    7.602022148    6.289421030   -0.011554    0.000994    0.004280
 cps and forc at (iter_ion, iter_total =    27     318 )
    1    0.725448540    7.594780811    5.163029508    0.004129    0.000855    0.003028
    2    3.496315312    7.130627767    5.294330062    0.003176   -0.002190   -0.003318
    3    0.000000000    0.000000000    0.000000000   -0.016915    0.009865    0.000062
    4   -2.327953540    4.032109009    0.000000000   -0.016703    0.009262    0.000013
    5   -4.655907149    8.064218139    0.000000000   -0.016432    0.009957    0.000163
    6    4.655907231    0.000000000    0.000000000   -0.016837    0.009871   -0.000062
    7    2.327953691    4.032109009    0.000000000   -0.016648    0.008936   -0.000248
    8    0.000000081    8.064218139    0.000000000   -0.017223    0.009870   -0.000725
    9    9.311814601    0.000000000    0.000000000   -0.016352    0.009539    0.000312
   10    6.983861061    4.032109009    0.000000000   -0.016727    0.009407    0.000085
   11    4.655907452    8.064218139    0.000000000   -0.016137    0.010076   -0.000964
   12   -0.000000089    2.688072592    0.000000000    0.016472   -0.009720   -0.000274
   13   -2.327953769    6.720181843    0.000000000    0.016431   -0.009757    0.000086
   14   -4.655907169   10.752290610    0.000000000    0.016643   -0.009792    0.000003
   15    4.655907281    2.688072592    0.000000000    0.016727   -0.009821   -0.000078
   16    2.327953602    6.720181843    0.000000000    0.016620   -0.009998   -0.000634
   17    0.000000202   10.752290610    0.000000000    0.017173   -0.008800    0.000015
   18    9.311814512    2.688072592    0.000000000    0.016654   -0.009737   -0.000083
   19    6.983860832    6.720181843    0.000000000    0.016773   -0.009786    0.000081
   20    4.655907432   10.752290610    0.000000000    0.017213   -0.009025   -0.000001
   21    2.116950134    7.627875850    6.327214721   -0.008602   -0.000171    0.002803
 cps and forc at (iter_ion, iter_total =    28     326 )
    1    0.721724025    7.625902080    5.236766838    0.000821    0.001017    0.001540
    2    3.467837956    7.061386385    5.379283768   -0.002603    0.000537    0.002173
    3    0.000000000    0.000000000    0.000000000   -0.016939    0.009756    0.000087
    4   -2.327953540    4.032109009    0.000000000   -0.016680    0.009275    0.000053
    5   -4.655907149    8.064218139    0.000000000   -0.016394    0.009929    0.000196
    6    4.655907231    0.000000000    0.000000000   -0.016842    0.009784   -0.000103
    7    2.327953691    4.032109009    0.000000000   -0.016651    0.008982   -0.000198
    8    0.000000081    8.064218139    0.000000000   -0.017302    0.009927   -0.000772
    9    9.311814601    0.000000000    0.000000000   -0.016329    0.009407    0.000313
   10    6.983861061    4.032109009    0.000000000   -0.016658    0.009359    0.000080
   11    4.655907452    8.064218139    0.000000000   -0.016155    0.010299   -0.000798
   12   -0.000000089    2.688072592    0.000000000    0.016501   -0.009712   -0.000206
   13   -2.327953769    6.720181843    0.000000000    0.016393   -0.009725    0.000101
   14   -4.655907169   10.752290610    0.000000000    0.016578   -0.009744    0.000024
   15    4.655907281    2.688072592    0.000000000    0.016685   -0.009750   -0.000020
   16    2.327953602    6.720181843    0.000000000    0.016622   -0.009973   -0.000743
   17    0.000000202   10.752290610    0.000000000    0.017230   -0.008907   -0.000024
   18    9.311814512    2.688072592    0.000000000    0.016641   -0.009652   -0.000099
   19    6.983860832    6.720181843    0.000000000    0.016739   -0.009788    0.000001
   20    4.655907432   10.752290610    0.000000000    0.017127   -0.009166    0.000028
   21    2.102637823    7.663247784    6.403967219    0.000475   -0.003140   -0.001155
 cps and forc at (iter_ion, iter_total =    29     339 )
    1    0.732475778    7.767229929    5.250462574   -0.008411    0.002576   -0.005135
    2    3.402756031    6.987478727    5.373929251   -0.005856    0.002018    0.006577
    3    0.000000000    0.000000000    0.000000000   -0.017024    0.009912    0.000190
    4   -2.327953540    4.032109009    0.000000000   -0.016673    0.009298    0.000020
    5   -4.655907149    8.064218139    0.000000000   -0.016274    0.009744    0.000147
    6    4.655907231    0.000000000    0.000000000   -0.017047    0.009842   -0.000008
    7    2.327953691    4.032109009    0.000000000   -0.016550    0.009194   -0.000271
    8    0.000000081    8.064218139    0.000000000   -0.017073    0.009683   -0.000743
    9    9.311814601    0.000000000    0.000000000   -0.016235    0.009604    0.000287
   10    6.983861061    4.032109009    0.000000000   -0.016600    0.009312    0.000087
   11    4.655907452    8.064218139    0.000000000   -0.016170    0.009876   -0.000710
   12   -0.000000089    2.688072592    0.000000000    0.016473   -0.009746   -0.000150
   13   -2.327953769    6.720181843    0.000000000    0.016443   -0.010124    0.000234
   14   -4.655907169   10.752290610    0.000000000    0.016652   -0.009715    0.000070
   15    4.655907281    2.688072592    0.000000000    0.016715   -0.009798   -0.000070
   16    2.327953602    6.720181843    0.000000000    0.016491   -0.010155   -0.000654
   17    0.000000202   10.752290610    0.000000000    0.017132   -0.008912    0.000074
   18    9.311814512    2.688072592    0.000000000    0.016547   -0.009583   -0.000139
   19    6.983860832    6.720181843    0.000000000    0.016927   -0.009774    0.000001
   20    4.655907432   10.752290610    0.000000000    0.016920   -0.009397    0.000228
   21    2.036707098    7.531021004    6.450253794    0.013886   -0.003369    0.000923
 cps and forc at (iter_ion, iter_total =    30     347 )
    1    0.720692556    7.806968833    5.280396527   -0.001448    0.001209    0.000597
    2    3.386849274    6.945957300    5.411092956   -0.009187    0.003575    0.008705
    3    0.000000000    0.000000000    0.000000000   -0.017052    0.009893    0.000216
    4   -2.327953540    4.032109009    0.000000000   -0.016647    0.009323    0.000011
    5   -4.655907149    8.064218139    0.000000000   -0.016256    0.009735    0.000151
    6    4.655907231    0.000000000    0.000000000   -0.017052    0.009810    0.000000
    7    2.327953691    4.032109009    0.000000000   -0.016577    0.009246   -0.000250
    8    0.000000081    8.064218139    0.000000000   -0.017024    0.009683   -0.000714
    9    9.311814601    0.000000000    0.000000000   -0.016241    0.009618    0.000262
   10    6.983861061    4.032109009    0.000000000   -0.016566    0.009308    0.000073
   11    4.655907452    8.064218139    0.000000000   -0.016204    0.009881   -0.000577
   12   -0.000000089    2.688072592    0.000000000    0.016462   -0.009778   -0.000118
   13   -2.327953769    6.720181843    0.000000000    0.016414   -0.010184    0.000282
   14   -4.655907169   10.752290610    0.000000000    0.016674   -0.009667    0.000061
   15    4.655907281    2.688072592    0.000000000    0.016716   -0.009800   -0.000046
   16    2.327953602    6.720181843    0.000000000    0.016486   -0.010195   -0.000746
   17    0.000000202   10.752290610    0.000000000    0.017102   -0.008969    0.000109
   18    9.311814512    2.688072592    0.000000000    0.016516   -0.009576   -0.000127
   19    6.983860832    6.720181843    0.000000000    0.016949   -0.009762   -0.000044
   20    4.655907432   10.752290610    0.000000000    0.016864   -0.009445    0.000281
   21    2.026335237    7.522241822    6.493361516    0.010461   -0.002673   -0.007733
 cps and forc at (iter_ion, iter_total =    31     354 )
    1    0.712988937    7.771381642    5.300631641   -0.000759    0.000951    0.000180
    2    3.400645955    6.949611417    5.443418461   -0.009252    0.003898    0.007566
    3    0.000000000    0.000000000    0.000000000   -0.017051    0.009824    0.000211
    4   -2.327953540    4.032109009    0.000000000   -0.016648    0.009324    0.000026
    5   -4.655907149    8.064218139    0.000000000   -0.016230    0.009788    0.000195
    6    4.655907231    0.000000000    0.000000000   -0.017004    0.009760   -0.000055
    7    2.327953691    4.032109009    0.000000000   -0.016601    0.009192   -0.000222
    8    0.000000081    8.064218139    0.000000000   -0.017122    0.009718   -0.000695
    9    9.311814601    0.000000000    0.000000000   -0.016211    0.009522    0.000275
   10    6.983861061    4.032109009    0.000000000   -0.016571    0.009291    0.000093
   11    4.655907452    8.064218139    0.000000000   -0.016186    0.010113   -0.000551
   12   -0.000000089    2.688072592    0.000000000    0.016480   -0.009741   -0.000124
   13   -2.327953769    6.720181843    0.000000000    0.016373   -0.010037    0.000231
   14   -4.655907169   10.752290610    0.000000000    0.016641   -0.009704    0.000079
   15    4.655907281    2.688072592    0.000000000    0.016719   -0.009773   -0.000023
   16    2.327953602    6.720181843    0.000000000    0.016462   -0.010178   -0.000807
   17    0.000000202   10.752290610    0.000000000    0.017185   -0.008986    0.000062
   18    9.311814512    2.688072592    0.000000000    0.016547   -0.009569   -0.000130
   19    6.983860832    6.720181843    0.000000000    0.016833   -0.009785   -0.000041
   20    4.655907432   10.752290610    0.000000000    0.016912   -0.009423    0.000264
   21    2.046598010    7.578279157    6.501239354    0.009163   -0.004922   -0.006163
 cps and forc at (iter_ion, iter_total =    32     361 )
    1    0.710995323    7.770905756    5.281861991    0.001521    0.000473    0.001496
    2    3.407566147    6.967831033    5.423423005   -0.006099    0.002116    0.004439
    3    0.000000000    0.000000000    0.000000000   -0.017040    0.009871    0.000199
    4   -2.327953540    4.032109009    0.000000000   -0.016650    0.009310    0.000032
    5   -4.655907149    8.064218139    0.000000000   -0.016240    0.009776    0.000186
    6    4.655907231    0.000000000    0.000000000   -0.017029    0.009799   -0.000043
    7    2.327953691    4.032109009    0.000000000   -0.016599    0.009209   -0.000235
    8    0.000000081    8.064218139    0.000000000   -0.017116    0.009694   -0.000713
    9    9.311814601    0.000000000    0.000000000   -0.016205    0.009547    0.000290
   10    6.983861061    4.032109009    0.000000000   -0.016595    0.009305    0.000098
   11    4.655907452    8.064218139    0.000000000   -0.016190    0.010026   -0.000620
   12   -0.000000089    2.688072592    0.000000000    0.016489   -0.009743   -0.000143
   13   -2.327953769    6.720181843    0.000000000    0.016407   -0.010060    0.000232
   14   -4.655907169   10.752290610    0.000000000    0.016649   -0.009703    0.000089
   15    4.655907281    2.688072592    0.000000000    0.016712   -0.009775   -0.000038
   16    2.327953602    6.720181843    0.000000000    0.016482   -0.010174   -0.000753
   17    0.000000202   10.752290610    0.000000000    0.017163   -0.008957    0.000071
   18    9.311814512    2.688072592    0.000000000    0.016553   -0.009567   -0.000144
   19    6.983860832    6.720181843    0.000000000    0.016845   -0.009793   -0.000022
   20    4.655907432   10.752290610    0.000000000    0.016937   -0.009404    0.000246
   21    2.051209919    7.562936568    6.479489090    0.003869   -0.002250   -0.003852
 cps and forc at (iter_ion, iter_total =    33     370 )
    1    0.711584954    7.842802033    5.334935042    0.001212    0.000258    0.000805
    2    3.359151127    6.905338074    5.484385651   -0.001930    0.000424    0.000882
    3    0.000000000    0.000000000    0.000000000   -0.017065    0.009872    0.000202
    4   -2.327953540    4.032109009    0.000000000   -0.016636    0.009322    0.000000
    5   -4.655907149    8.064218139    0.000000000   -0.016203    0.009763    0.000162
    6    4.655907231    0.000000000    0.000000000   -0.017046    0.009758   -0.000009
    7    2.327953691    4.032109009    0.000000000   -0.016609    0.009291   -0.000223
    8    0.000000081    8.064218139    0.000000000   -0.017006    0.009695   -0.000660
    9    9.311814601    0.000000000    0.000000000   -0.016209    0.009630    0.000229
   10    6.983861061    4.032109009    0.000000000   -0.016543    0.009303    0.000071
   11    4.655907452    8.064218139    0.000000000   -0.016248    0.009965   -0.000462
   12   -0.000000089    2.688072592    0.000000000    0.016482   -0.009786   -0.000096
   13   -2.327953769    6.720181843    0.000000000    0.016364   -0.010190    0.000282
   14   -4.655907169   10.752290610    0.000000000    0.016667   -0.009645    0.000065
   15    4.655907281    2.688072592    0.000000000    0.016718   -0.009813   -0.000019
   16    2.327953602    6.720181843    0.000000000    0.016483   -0.010202   -0.000807
   17    0.000000202   10.752290610    0.000000000    0.017124   -0.009048    0.000121
   18    9.311814512    2.688072592    0.000000000    0.016487   -0.009580   -0.000132
   19    6.983860832    6.720181843    0.000000000    0.016897   -0.009747   -0.000074
   20    4.655907432   10.752290610    0.000000000    0.016862   -0.009499    0.000317
   21    2.029334955    7.535652754    6.533699253    0.000404    0.001093   -0.001372
 cps and forc at (iter_ion, iter_total =    34     377 )
    1    0.711920395    7.848901699    5.362622008   -0.000510    0.000622   -0.000823
    2    3.345484938    6.884940488    5.519207354   -0.000952    0.000024    0.000042
    3    0.000000000    0.000000000    0.000000000   -0.017074    0.009837    0.000195
    4   -2.327953540    4.032109009    0.000000000   -0.016632    0.009346    0.000012
    5   -4.655907149    8.064218139    0.000000000   -0.016185    0.009772    0.000175
    6    4.655907231    0.000000000    0.000000000   -0.017025    0.009725   -0.000019
    7    2.327953691    4.032109009    0.000000000   -0.016615    0.009292   -0.000200
    8    0.000000081    8.064218139    0.000000000   -0.017006    0.009700   -0.000617
    9    9.311814601    0.000000000    0.000000000   -0.016215    0.009598    0.000209
   10    6.983861061    4.032109009    0.000000000   -0.016520    0.009303    0.000078
   11    4.655907452    8.064218139    0.000000000   -0.016249    0.010058   -0.000373
   12   -0.000000089    2.688072592    0.000000000    0.016475   -0.009789   -0.000069
   13   -2.327953769    6.720181843    0.000000000    0.016336   -0.010149    0.000276
   14   -4.655907169   10.752290610    0.000000000    0.016664   -0.009644    0.000073
   15    4.655907281    2.688072592    0.000000000    0.016732   -0.009811    0.000005
   16    2.327953602    6.720181843    0.000000000    0.016462   -0.010188   -0.000848
   17    0.000000202   10.752290610    0.000000000    0.017144   -0.009097    0.000121
   18    9.311814512    2.688072592    0.000000000    0.016476   -0.009598   -0.000118
   19    6.983860832    6.720181843    0.000000000    0.016852   -0.009737   -0.000078
   20    4.655907432   10.752290610    0.000000000    0.016852   -0.009523    0.000344
   21    2.029831960    7.554211859    6.557189464    0.000887    0.000294    0.000639
 cps and forc at (iter_ion, iter_total =    35     383 )
    1    0.711551479    7.862766981    5.376014441   -0.000133    0.000520   -0.000519
    2    3.334423089    6.869900258    5.535532546   -0.000639   -0.000091   -0.000212
    3    0.000000000    0.000000000    0.000000000   -0.017078    0.009837    0.000191
    4   -2.327953540    4.032109009    0.000000000   -0.016626    0.009356    0.000010
    5   -4.655907149    8.064218139    0.000000000   -0.016185    0.009778    0.000178
    6    4.655907231    0.000000000    0.000000000   -0.017023    0.009710   -0.000015
    7    2.327953691    4.032109009    0.000000000   -0.016617    0.009305   -0.000185
    8    0.000000081    8.064218139    0.000000000   -0.016986    0.009699   -0.000593
    9    9.311814601    0.000000000    0.000000000   -0.016228    0.009603    0.000192
   10    6.983861061    4.032109009    0.000000000   -0.016512    0.009293    0.000072
   11    4.655907452    8.064218139    0.000000000   -0.016258    0.010054   -0.000325
   12   -0.000000089    2.688072592    0.000000000    0.016471   -0.009793   -0.000057
   13   -2.327953769    6.720181843    0.000000000    0.016322   -0.010153    0.000284
   14   -4.655907169   10.752290610    0.000000000    0.016674   -0.009635    0.000074
   15    4.655907281    2.688072592    0.000000000    0.016741   -0.009808    0.000009
   16    2.327953602    6.720181843    0.000000000    0.016463   -0.010184   -0.000864
   17    0.000000202   10.752290610    0.000000000    0.017142   -0.009122    0.000131
   18    9.311814512    2.688072592    0.000000000    0.016461   -0.009609   -0.000111
   19    6.983860832    6.720181843    0.000000000    0.016853   -0.009728   -0.000086
   20    4.655907432   10.752290610    0.000000000    0.016842   -0.009535    0.000359
   21    2.026286618    7.553970247    6.571993769    0.000280    0.000740    0.000271
