  No.   E(hr.)    dos(hr.)       E(eV)          dos(eV)    sum
      6  -0.4793      0.00000000    -11.2947    0.0000000000    0.0000
     16  -0.4783      0.00000000    -11.2674    0.0000000000    0.0000
     26  -0.4773      0.00000000    -11.2402    0.0000000000    0.0000
     36  -0.4763      0.00000000    -11.2130    0.0000000000    0.0000
     46  -0.4753      0.00000000    -11.1858    0.0000000000    0.0000
     56  -0.4743      0.00000000    -11.1586    0.0000000000    0.0000
     66  -0.4733      0.00000000    -11.1314    0.0000000000    0.0000
     76  -0.4723      0.00000000    -11.1042    0.0000000000    0.0000
     86  -0.4713      0.29145055    -11.0770    0.0107106101    0.0000
     96  -0.4703     16.92990160    -11.0498    0.6221624083    0.0085
    106  -0.4693     17.18145498    -11.0225    0.6314068247    0.0257
    116  -0.4683     17.25102699    -10.9953    0.6339635488    0.0428
    126  -0.4673     17.11825897    -10.9681    0.6290844140    0.0601
    136  -0.4663     16.94685065    -10.9409    0.6227852744    0.0773
    146  -0.4653     17.41803767    -10.9137    0.6401010780    0.0946
    156  -0.4643     17.38648992    -10.8865    0.6389417195    0.1118
    166  -0.4633     17.08517977    -10.8593    0.6278687759    0.1292
    176  -0.4623     17.67875467    -10.8321    0.6496822509    0.1464
    186  -0.4613     17.13407906    -10.8049    0.6296657916    0.1639
    196  -0.4603     17.58507215    -10.7776    0.6462394820    0.1812
    206  -0.4593     17.21076072    -10.7504    0.6324837904    0.1986
    216  -0.4583     17.38754737    -10.7232    0.6389805802    0.2159
    226  -0.4573     17.59063724    -10.6960    0.6464439953    0.2336
    236  -0.4563     17.32638162    -10.6688    0.6367327805    0.2508
    246  -0.4553     17.69779974    -10.6416    0.6503821446    0.2683
    256  -0.4543     17.32258842    -10.6144    0.6365933826    0.2859
    266  -0.4533     17.49815203    -10.5872    0.6430452263    0.3033
    276  -0.4523     17.75972003    -10.5599    0.6526576731    0.3210
    286  -0.4513     17.49445871    -10.5327    0.6429094995    0.3386
    296  -0.4503     17.67826064    -10.5055    0.6496640958    0.3561
    306  -0.4493     17.66111478    -10.4783    0.6490339972    0.3739
    316  -0.4483     17.65238751    -10.4511    0.6487132756    0.3915
    326  -0.4473     17.69209341    -10.4239    0.6501724409    0.4091
    336  -0.4463     17.96599410    -10.3967    0.6602381054    0.4271
    346  -0.4453     17.65910048    -10.3695    0.6489599730    0.4448
    356  -0.4443     17.85049243    -10.3423    0.6559934972    0.4625
    366  -0.4433     17.96431444    -10.3150    0.6601763789    0.4805
    376  -0.4423     17.82602446    -10.2878    0.6550943161    0.4984
    386  -0.4413     17.91696603    -10.2606    0.6584363569    0.5162
    396  -0.4403     18.16698800    -10.2334    0.6676244950    0.5342
    406  -0.4393     17.95001673    -10.2062    0.6596509480    0.5523
    416  -0.4383     17.98148724    -10.1790    0.6608074677    0.5703
    426  -0.4373     18.08110887    -10.1518    0.6644684950    0.5883
    436  -0.4363     18.32306427    -10.1246    0.6733601920    0.6065
    446  -0.4353     18.08088335    -10.0974    0.6644602074    0.6247
    456  -0.4343     18.19885873    -10.0701    0.6687957225    0.6429
    466  -0.4333     18.23993515    -10.0429    0.6703052533    0.6611
    476  -0.4323     18.60150967    -10.0157    0.6835928719    0.6796
    486  -0.4313     18.31103577     -9.9885    0.6729181529    0.6980
    496  -0.4303     18.39608995     -9.9613    0.6760438363    0.7163
    506  -0.4293     18.49720842     -9.9341    0.6797598717    0.7347
    516  -0.4283     18.72753416     -9.9069    0.6882241864    0.7533
    526  -0.4273     18.56259540     -9.8797    0.6821627989    0.7720
    536  -0.4263     18.57948818     -9.8525    0.6827835969    0.7906
    546  -0.4253     18.78390182     -9.8252    0.6902956598    0.8093
    556  -0.4243     18.98952999     -9.7980    0.6978523556    0.8282
    566  -0.4233     18.91408200     -9.7708    0.6950796932    0.8471
    576  -0.4223     18.90506369     -9.7436    0.6947482761    0.8660
    586  -0.4213     18.99618309     -9.7164    0.6980968525    0.8849
    596  -0.4203     19.27777979     -9.6892    0.7084453403    0.9041
    606  -0.4193     19.19714282     -9.6620    0.7054819863    0.9233
    616  -0.4183     19.31484635     -9.6348    0.7098075112    0.9426
    626  -0.4173     19.35994062     -9.6076    0.7114646952    0.9619
    636  -0.4163     19.50594344     -9.5803    0.7168301999    0.9813
    646  -0.4153     19.82122718     -9.5531    0.7284166637    1.0011
    656  -0.4143     19.66221879     -9.5259    0.7225732128    1.0208
    666  -0.4133     19.87970916     -9.4987    0.7305658368    1.0405
    676  -0.4123     19.97963084     -9.4715    0.7342378906    1.0605
    686  -0.4113     20.22693081     -9.4443    0.7433259970    1.0805
    696  -0.4103     20.33086003     -9.4171    0.7471453252    1.1009
    706  -0.4093     20.37436935     -9.3899    0.7487442633    1.1212
    716  -0.4083     20.66195491     -9.3626    0.7593128376    1.1417
    726  -0.4073     20.80715838     -9.3354    0.7646489667    1.1624
    736  -0.4063     21.21975726     -9.3082    0.7798116959    1.1834
    746  -0.4053     21.25694216     -9.2810    0.7811782161    1.2047
    756  -0.4043     21.44015131     -9.2538    0.7879110278    1.2260
    766  -0.4033     21.82722981     -9.2266    0.8021359005    1.2477
    776  -0.4023     22.06617003     -9.1994    0.8109167916    1.2696
    786  -0.4013     22.67718075     -9.1722    0.8333710215    1.2920
    796  -0.4003     22.80650020     -9.1450    0.8381234236    1.3147
    806  -0.3993     23.31910924     -9.1177    0.8569614582    1.3378
    816  -0.3983     23.80452911     -9.0905    0.8748003094    1.3613
    826  -0.3973     24.46043374     -9.0633    0.8989043602    1.3854
    836  -0.3963     25.41334925     -9.0361    0.9339233592    1.4104
    846  -0.3953     26.24682693     -9.0089    0.9645530988    1.4362
    856  -0.3943     27.34485771     -8.9817    1.0049049857    1.4630
    866  -0.3933     29.15319642     -8.9545    1.0713602075    1.4912
    876  -0.3923     31.94183058     -8.9273    1.1738406229    1.5215
    886  -0.3913     38.16672777     -8.9001    1.4026013751    1.5561
    896  -0.3903     42.51627257     -8.8728    1.5624441986    1.5992
    906  -0.3893     32.64930176     -8.8456    1.1998397092    1.6357
    916  -0.3883     26.58897557     -8.8184    0.9771268296    1.6647
    926  -0.3873     24.27987627     -8.7912    0.8922689953    1.6902
    936  -0.3863     23.80137844     -8.7640    0.8746845244    1.7144
    946  -0.3853     20.60635337     -8.7368    0.7572695190    1.7362
    956  -0.3843     18.76511646     -8.7096    0.6896053105    1.7560
    966  -0.3833     18.04389308     -8.6824    0.6631008400    1.7743
    976  -0.3823     16.81931989     -8.6552    0.6180986054    1.7917
    986  -0.3813     16.32354068     -8.6279    0.5998790554    1.8084
    996  -0.3803     14.56766249     -8.6007    0.5353517224    1.8238
   1006  -0.3793     14.07381430     -8.5735    0.5172031361    1.8380
   1016  -0.3783     12.97517414     -8.5463    0.4768288549    1.8516
   1026  -0.3773     12.39057620     -8.5191    0.4553452767    1.8643
   1036  -0.3763     12.10648964     -8.4919    0.4449052880    1.8767
   1046  -0.3753     10.75041087     -8.4647    0.3950703128    1.8880
   1056  -0.3743     10.38770747     -8.4375    0.3817412085    1.8984
   1066  -0.3733      9.63297567     -8.4102    0.3540053265    1.9086
   1076  -0.3723      9.12575896     -8.3830    0.3353654563    1.9179
   1086  -0.3713      8.80413211     -8.3558    0.3235458874    1.9268
   1096  -0.3703      7.93753121     -8.3286    0.2916988915    1.9353
   1106  -0.3693      7.16405023     -8.3014    0.2632739898    1.9428
   1116  -0.3683      7.08967656     -8.2742    0.2605408081    1.9498
   1126  -0.3673      6.43964534     -8.2470    0.2366526014    1.9567
   1136  -0.3663      5.98192839     -8.2198    0.2198318135    1.9629
   1146  -0.3653      5.34904699     -8.1926    0.1965738512    1.9685
   1156  -0.3643      5.05373012     -8.1653    0.1857211563    1.9738
   1166  -0.3633      4.28225625     -8.1381    0.1573700146    1.9784
   1176  -0.3623      4.22095272     -8.1109    0.1551171513    1.9826
   1186  -0.3613      3.73764735     -8.0837    0.1373560068    1.9867
   1196  -0.3603      2.92702451     -8.0565    0.1075661669    1.9900
   1206  -0.3593      2.44768922     -8.0293    0.0899509197    1.9927
   1216  -0.3583      3.36114178     -8.0021    0.1235196822    1.9950
   1226  -0.3573      1.08752564     -7.9749    0.0399658300    1.9978
   1236  -0.3563      0.81600732     -7.9477    0.0299877160    1.9987
   1246  -0.3553      0.55167814     -7.9204    0.0202737979    1.9994
   1256  -0.3543      0.28949077     -7.8932    0.0106385895    1.9998
   1266  -0.3533      0.05897500     -7.8660    0.0021672913    2.0000
   1276  -0.3523      0.20764336     -7.8388    0.0076307528    2.0001
   1286  -0.3513      0.47680315     -7.8116    0.0175221924    2.0004
   1296  -0.3503      0.74822625     -7.7844    0.0274968076    2.0010
   1306  -0.3493      1.02191268     -7.7572    0.0375545983    2.0019
   1316  -0.3483      3.14245734     -7.7300    0.1154831771    2.0041
   1326  -0.3473      2.42665103     -7.7028    0.0891777806    2.0068
   1336  -0.3463      2.95181579     -7.6755    0.1084772294    2.0095
   1346  -0.3453      3.72440018     -7.6483    0.1368691820    2.0128
   1356  -0.3443      4.46205842     -7.6211    0.1639776225    2.0170
   1366  -0.3433      4.57542110     -7.5939    0.1681436241    2.0214
   1376  -0.3423      5.55670029     -7.5667    0.2042049692    2.0265
   1386  -0.3413      5.73223488     -7.5395    0.2106557465    2.0321
   1396  -0.3403      6.58131244     -7.5123    0.2418587713    2.0383
   1406  -0.3393      7.82016353     -7.4851    0.2873857089    2.0455
   1416  -0.3383      7.87907503     -7.4579    0.2895506666    2.0533
   1426  -0.3373      9.24201074     -7.4306    0.3396376304    2.0618
   1436  -0.3363      9.73845403     -7.4034    0.3578815847    2.0713
   1446  -0.3353     11.54057888     -7.3762    0.4241084513    2.0818
   1456  -0.3343     12.77979785     -7.3490    0.4696489086    2.0943
   1466  -0.3333     14.49864855     -7.3218    0.5328155066    2.1079
   1476  -0.3323     16.45823635     -7.2946    0.6048290299    2.1231
   1486  -0.3313     21.63812278     -7.2674    0.7951863454    2.1420
   1496  -0.3303     28.26991241     -7.2402    1.0389001191    2.1660
   1506  -0.3293     58.82638276     -7.2129    2.1618296924    2.2079
   1516  -0.3283     44.83139298     -7.1857    1.6475233044    2.2641
   1526  -0.3273     35.38401318     -7.1585    1.3003385002    2.3032
   1536  -0.3263     30.59513044     -7.1313    1.1243503057    2.3361
   1546  -0.3253     28.26943107     -7.1041    1.0388824300    2.3654
   1556  -0.3243     25.93885071     -7.0769    0.9532351815    2.3925
   1566  -0.3233     24.78121678     -7.0497    0.9106929193    2.4178
   1576  -0.3223     23.18700881     -7.0225    0.8521068569    2.4418
   1586  -0.3213     22.35332678     -6.9953    0.8214696074    2.4645
   1596  -0.3203     21.63539990     -6.9680    0.7950862812    2.4866
   1606  -0.3193     20.81591063     -6.9408    0.7649706060    2.5077
   1616  -0.3183     20.15721172     -6.9136    0.7407638675    2.5282
   1626  -0.3173     19.67635633     -6.8864    0.7230927578    2.5482
   1636  -0.3163     18.95671533     -6.8592    0.6966464390    2.5674
   1646  -0.3153     18.59953369     -6.8320    0.6835202559    2.5862
   1656  -0.3143     18.28041330     -6.8048    0.6717927980    2.6047
   1666  -0.3133     17.76187992     -6.7776    0.6527370477    2.6227
   1676  -0.3123     17.40124976     -6.7504    0.6394841337    2.6403
   1686  -0.3113     17.21969391     -6.7231    0.6328120792    2.6575
   1696  -0.3103     16.62887172     -6.6959    0.6110997641    2.6745
   1706  -0.3093     16.40582094     -6.6687    0.6029027994    2.6910
   1716  -0.3083     16.17435426     -6.6415    0.5943965557    2.7073
   1726  -0.3073     16.08672478     -6.6143    0.5911762317    2.7235
   1736  -0.3063     15.59179445     -6.5871    0.5729878775    2.7393
   1746  -0.3053     15.36799167     -6.5599    0.5647632771    2.7547
   1756  -0.3043     15.17735928     -6.5327    0.5577576661    2.7700
   1766  -0.3033     14.95415382     -6.5055    0.5495550166    2.7851
   1776  -0.3023     14.69858827     -6.4782    0.5401631559    2.7999
   1786  -0.3013     14.56576971     -6.4510    0.5352821639    2.8145
   1796  -0.3003     14.38313649     -6.4238    0.5285705168    2.8290
   1806  -0.2993     14.14792511     -6.3966    0.5199266579    2.8433
   1816  -0.2983     13.88508104     -6.3694    0.5102673166    2.8573
   1826  -0.2973     13.75137255     -6.3422    0.5053536202    2.8711
   1836  -0.2963     13.61179889     -6.3150    0.5002243826    2.8848
   1846  -0.2953     13.48507460     -6.2878    0.4955673511    2.8984
   1856  -0.2943     13.31247939     -6.2605    0.4892245942    2.9118
   1866  -0.2933     13.09676706     -6.2333    0.4812973120    2.9249
   1876  -0.2923     12.96478149     -6.2061    0.4764469318    2.9380
   1886  -0.2913     12.77530320     -6.1789    0.4694837333    2.9509
   1896  -0.2903     12.60737713     -6.1517    0.4633125639    2.9635
   1906  -0.2893     12.50642078     -6.1245    0.4596024866    2.9761
   1916  -0.2883     12.43117737     -6.0973    0.4568373421    2.9886
   1926  -0.2873     12.30513124     -6.0701    0.4522052324    3.0009
   1936  -0.2863     12.06533772     -6.0429    0.4433929829    3.0131
   1946  -0.2853     11.92983768     -6.0156    0.4384134484    3.0251
   1956  -0.2843     11.83286941     -5.9884    0.4348499300    3.0370
   1966  -0.2833     11.72167371     -5.9612    0.4307635634    3.0488
   1976  -0.2823     11.56180876     -5.9340    0.4248886349    3.0604
   1986  -0.2813     11.55896548     -5.9068    0.4247841466    3.0720
   1996  -0.2803     11.34715271     -5.8796    0.4170001707    3.0834
   2006  -0.2793     11.23641118     -5.8524    0.4129304947    3.0947
   2016  -0.2783     11.13558370     -5.8252    0.4092251531    3.1059
   2026  -0.2773     10.94873730     -5.7980    0.4023586743    3.1169
   2036  -0.2763     10.88082864     -5.7707    0.3998630774    3.1279
   2046  -0.2753     10.80485349     -5.7435    0.3970710419    3.1387
   2056  -0.2743     10.74649813     -5.7163    0.3949265222    3.1495
   2066  -0.2733     10.56475118     -5.6891    0.3882474449    3.1601
   2076  -0.2723     10.44407922     -5.6619    0.3838128323    3.1706
   2086  -0.2713     10.34388618     -5.6347    0.3801308056    3.1810
   2096  -0.2703     10.25600673     -5.6075    0.3769012957    3.1913
   2106  -0.2693     10.17636765     -5.5803    0.3739746133    3.2016
   2116  -0.2683     10.04247711     -5.5531    0.3690542267    3.2117
   2126  -0.2673     10.06547109     -5.5258    0.3698992399    3.2217
   2136  -0.2663      9.88881157     -5.4986    0.3634071224    3.2317
   2146  -0.2653      9.80010665     -5.4714    0.3601472766    3.2415
   2156  -0.2643      9.65709242     -5.4442    0.3548916005    3.2513
   2166  -0.2633      9.55508297     -5.4170    0.3511428226    3.2609
   2176  -0.2623      9.49267026     -5.3898    0.3488491976    3.2704
   2186  -0.2613      9.41554237     -5.3626    0.3460148000    3.2798
   2196  -0.2603      9.43261660     -5.3354    0.3466422662    3.2893
   2206  -0.2593      9.24287825     -5.3082    0.3396695108    3.2986
   2216  -0.2583      9.15205263     -5.2809    0.3363317307    3.3078
   2226  -0.2573      9.05620921     -5.2537    0.3328095501    3.3169
   2236  -0.2563      8.98452950     -5.2265    0.3301753692    3.3259
   2246  -0.2553      8.89475933     -5.1993    0.3268763764    3.3349
   2256  -0.2543      8.78798478     -5.1721    0.3229524838    3.3437
   2266  -0.2533      8.76044451     -5.1449    0.3219403977    3.3525
   2276  -0.2523      8.75352998     -5.1177    0.3216862933    3.3613
   2286  -0.2513      8.60033741     -5.0905    0.3160565702    3.3699
   2296  -0.2503      8.53585761     -5.0632    0.3136869814    3.3785
   2306  -0.2493      8.39782141     -5.0360    0.3086142446    3.3870
   2316  -0.2483      8.32122014     -5.0088    0.3057991999    3.3953
   2326  -0.2473      8.27670990     -4.9816    0.3041634786    3.4036
   2336  -0.2463      8.21617859     -4.9544    0.3019389941    3.4119
   2346  -0.2453      8.16887385     -4.9272    0.3002005770    3.4200
   2356  -0.2443      8.07550335     -4.9000    0.2967692743    3.4282
   2366  -0.2433      7.99291202     -4.8728    0.2937340991    3.4362
   2376  -0.2423      7.90312326     -4.8456    0.2904344227    3.4442
   2386  -0.2413      7.84924816     -4.8183    0.2884545494    3.4520
   2396  -0.2403      7.76816878     -4.7911    0.2854749371    3.4599
   2406  -0.2393      7.66534377     -4.7639    0.2816961880    3.4676
   2416  -0.2383      7.63569569     -4.7367    0.2806066408    3.4752
   2426  -0.2373      7.67651844     -4.7095    0.2821068493    3.4829
   2436  -0.2363      7.53586978     -4.6823    0.2769381066    3.4905
   2446  -0.2353      7.42255854     -4.6551    0.2727739951    3.4980
   2456  -0.2343      7.35280881     -4.6279    0.2702107398    3.5053
   2466  -0.2333      7.27926187     -4.6007    0.2675079398    3.5127
   2476  -0.2323      7.22644431     -4.5734    0.2655669300    3.5199
   2486  -0.2313      7.21292715     -4.5462    0.2650701838    3.5271
   2496  -0.2303      7.11439064     -4.5190    0.2614490336    3.5343
   2506  -0.2293      7.93892090     -4.4918    0.2917499619    3.5415
   2516  -0.2283     19.09635791     -4.4646    0.7017782094    3.5555
   2526  -0.2273     18.84423134     -4.4374    0.6925127287    3.5746
   2536  -0.2263     19.69081635     -4.4102    0.7236241541    3.5934
   2546  -0.2253     18.57695757     -4.3830    0.6826905987    3.6127
   2556  -0.2243     19.27560200     -4.3558    0.7083653080    3.6317
   2566  -0.2233     19.15086675     -4.3285    0.7037813720    3.6509
   2576  -0.2223     19.40130712     -4.3013    0.7129848860    3.6700
   2586  -0.2213     19.28019861     -4.2741    0.7085342304    3.6894
   2596  -0.2203     19.62135689     -4.2469    0.7210715660    3.7089
   2606  -0.2193     19.50135910     -4.2197    0.7166617286    3.7284
   2616  -0.2183     19.24031663     -4.1925    0.7070685947    3.7478
   2626  -0.2173     19.63712802     -4.1653    0.7216511441    3.7672
   2636  -0.2163     19.97260709     -4.1381    0.7339797728    3.7871
   2646  -0.2153     19.41967482     -4.1109    0.7136598867    3.8068
   2656  -0.2143     19.71418469     -4.0836    0.7244829248    3.8263
   2666  -0.2133     20.08727068     -4.0564    0.7381935817    3.8462
   2676  -0.2123     20.20116233     -4.0292    0.7423790229    3.8664
   2686  -0.2113     19.89180944     -4.0020    0.7310105138    3.8864
   2696  -0.2103     20.01799448     -3.9748    0.7356477284    3.9064
   2706  -0.2093     20.34150266     -3.9476    0.7475364347    3.9266
   2716  -0.2083     20.32729202     -3.9204    0.7470142036    3.9469
   2726  -0.2073     20.39494161     -3.8932    0.7495002800    3.9673
   2736  -0.2063     20.48986512     -3.8659    0.7529886545    3.9877
   2746  -0.2053     20.76329130     -3.8387    0.7630368813    4.0084
   2756  -0.2043     20.62779456     -3.8115    0.7580574680    4.0290
   2766  -0.2033     20.75489260     -3.7843    0.7627282350    4.0497
   2776  -0.2023     21.16569795     -3.7571    0.7778250529    4.0707
   2786  -0.2013     21.21122347     -3.7299    0.7794980850    4.0919
   2796  -0.2003     21.05702836     -3.7027    0.7738315192    4.1130
   2806  -0.1993     21.21363145     -3.6755    0.7795865766    4.1341
   2816  -0.1983     21.47163225     -3.6483    0.7890679311    4.1555
   2826  -0.1973     21.95243149     -3.6210    0.8067369774    4.1772
   2836  -0.1963     21.87371317     -3.5938    0.8038441326    4.1991
   2846  -0.1953     21.83780877     -3.5666    0.8025246701    4.2209
   2856  -0.1943     22.09566934     -3.5394    0.8120008714    4.2429
   2866  -0.1933     22.33190068     -3.5122    0.8206822130    4.2651
   2876  -0.1923     22.60537733     -3.4850    0.8307322946    4.2876
   2886  -0.1913     22.92264491     -3.4578    0.8423916629    4.3103
   2896  -0.1903     23.11904597     -3.4306    0.8496092686    4.3334
   2906  -0.1893     23.35452022     -3.4034    0.8582627880    4.3566
   2916  -0.1883     23.74792433     -3.3761    0.8727201220    4.3802
   2926  -0.1873     23.82825647     -3.3489    0.8756722739    4.4040
   2936  -0.1863     24.13557357     -3.3217    0.8869659689    4.4279
   2946  -0.1853     24.66835999     -3.2945    0.9065455087    4.4523
   2956  -0.1843     25.18922433     -3.2673    0.9256869203    4.4772
   2966  -0.1833     26.18109433     -3.2401    0.9621374705    4.5030
   2976  -0.1823     26.47304129     -3.2129    0.9728663233    4.5293
   2986  -0.1813     26.93824600     -3.1857    0.9899622812    4.5559
   2996  -0.1803     28.12896425     -3.1585    1.0337203697    4.5834
   3006  -0.1793     30.09884234     -3.1312    1.1061120542    4.6124
   3016  -0.1783     55.75656632     -3.1040    2.0490160189    4.6544
   3026  -0.1773     66.87579315     -3.0768    2.4576400683    4.7152
   3036  -0.1763     86.85655538     -3.0496    3.1919195366    4.8004
   3046  -0.1753     22.34410202     -3.0224    0.8211306040    4.8483
   3056  -0.1743     23.33013932     -2.9952    0.8573668062    4.8711
   3066  -0.1733     23.80199286     -2.9680    0.8747071042    4.8947
   3076  -0.1723     24.35274998     -2.9408    0.8949470549    4.9188
   3086  -0.1713     25.02276704     -2.9135    0.9195697276    4.9435
   3096  -0.1703     26.24967683     -2.8863    0.9646578309    4.9690
   3106  -0.1693     27.51460913     -2.8591    1.0111432354    4.9960
   3116  -0.1683     28.66525583     -2.8319    1.0534287217    5.0240
   3126  -0.1673     29.99114048     -2.8047    1.1021540840    5.0533
   3136  -0.1663     33.20812489     -2.7775    1.2203760805    5.0848
   3146  -0.1653     36.68865683     -2.7503    1.3482832700    5.1197
   3156  -0.1643     48.46871741     -2.7231    1.7811925116    5.1615
   3166  -0.1633     40.96492679     -2.6959    1.5054332926    5.2083
   3176  -0.1623     34.01928448     -2.6686    1.2501856456    5.2451
   3186  -0.1613     72.29620948     -2.6414    2.6568366942    5.2892
   3196  -0.1603     86.57209285     -2.6142    3.1814657316    5.3812
   3206  -0.1593     65.71869565     -2.5870    2.4151175192    5.4549
   3216  -0.1583     57.64171416     -2.5598    2.1182939245    5.5155
   3226  -0.1573     54.70303324     -2.5326    2.0102993926    5.5715
   3236  -0.1563     53.41334106     -2.5054    1.9629040792    5.6256
   3246  -0.1553     58.12468859     -2.4782    2.1360429072    5.6792
   3256  -0.1543     49.80439990     -2.4510    1.8302779377    5.7368
   3266  -0.1533     38.58288205     -2.4237    1.4178947630    5.7801
   3276  -0.1523     35.08111668     -2.3965    1.2892072591    5.8159
   3286  -0.1513     38.01694319     -2.3693    1.3970968935    5.8525
   3296  -0.1503     42.22993442     -2.3421    1.5519214653    5.8926
   3306  -0.1493     40.69016329     -2.3149    1.4953359200    5.9345
   3316  -0.1483     37.06498579     -2.2877    1.3621131043    5.9733
   3326  -0.1473     35.79804356     -2.2605    1.3155538361    6.0089
   3336  -0.1463     43.04731354     -2.2333    1.5819595940    6.0488
   3346  -0.1453     45.54631664     -2.2061    1.6737962642    6.0931
   3356  -0.1443     41.01854494     -2.1788    1.5074037232    6.1371
   3366  -0.1433     38.92560940     -2.1516    1.4304897609    6.1767
   3376  -0.1423     38.83997967     -2.1244    1.4273429262    6.2154
   3386  -0.1413     37.87685559     -2.0972    1.3919487691    6.2540
   3396  -0.1403     36.96221471     -2.0700    1.3583363369    6.2913
   3406  -0.1393     37.82214792     -2.0428    1.3899382995    6.3285
   3416  -0.1383     36.41623006     -2.0156    1.3382717707    6.3659
   3426  -0.1373     36.10483097     -1.9884    1.3268280655    6.4021
   3436  -0.1363     36.38026436     -1.9612    1.3369500559    6.4382
   3446  -0.1353     35.98688922     -1.9339    1.3224937861    6.4745
   3456  -0.1343     35.25505856     -1.9067    1.2955995053    6.5101
   3466  -0.1333     35.57279887     -1.8795    1.3072762465    6.5454
   3476  -0.1323     34.99206876     -1.8523    1.2859348085    6.5809
   3486  -0.1313     34.68189792     -1.8251    1.2745362403    6.6156
   3496  -0.1303     34.91509980     -1.7979    1.2831062515    6.6503
   3506  -0.1293     34.40177905     -1.7707    1.2642420618    6.6852
   3516  -0.1283     34.03715676     -1.7435    1.2508424398    6.7193
   3526  -0.1273     34.83606241     -1.7162    1.2802016807    6.7535
   3536  -0.1263     33.91216447     -1.6890    1.2462490577    6.7882
   3546  -0.1253     33.26629803     -1.6618    1.2225139037    6.8217
   3556  -0.1243     34.14301682     -1.6346    1.2547327252    6.8553
   3566  -0.1233     33.73616311     -1.6074    1.2397811270    6.8893
   3576  -0.1223     33.62026946     -1.5802    1.2355221141    6.9230
   3586  -0.1213     33.75533311     -1.5530    1.2404856115    6.9568
   3596  -0.1203     32.85421356     -1.5258    1.2073700790    6.9900
   3606  -0.1193     33.74196268     -1.4986    1.2399942575    7.0233
   3616  -0.1183     33.54205797     -1.4713    1.2326478946    7.0570
   3626  -0.1173     33.57891138     -1.4441    1.2340022327    7.0907
   3636  -0.1163     33.28047062     -1.4169    1.2230347370    7.1238
   3646  -0.1153     33.51542095     -1.3897    1.2316690023    7.1575
   3656  -0.1143     27.43084070     -1.3625    1.0080648024    7.1888
   3666  -0.1133     22.96619765     -1.3353    0.8439921965    7.2130
   3676  -0.1123     23.20116002     -1.3081    0.8526269044    7.2361
   3686  -0.1113     23.56047884     -1.2809    0.8658316275    7.2595
   3696  -0.1103     24.11711236     -1.2537    0.8862875320    7.2833
   3706  -0.1093     24.81174053     -1.2264    0.9118146463    7.3078
   3716  -0.1083     25.19553498     -1.1992    0.9259188324    7.3328
   3726  -0.1073     25.82189816     -1.1720    0.9489372548    7.3582
   3736  -0.1063     26.76120049     -1.1448    0.9834559787    7.3845
   3746  -0.1053     28.14495969     -1.1176    1.0343081912    7.4119
   3756  -0.1043     29.41095505     -1.0904    1.0808326626    7.4407
   3766  -0.1033     31.58287381     -1.0632    1.1606492048    7.4711
   3776  -0.1023     35.71333380     -1.0360    1.3124408097    7.5046
   3786  -0.1013     45.44248749     -1.0088    1.6699806132    7.5456
   3796  -0.1003     34.97328226     -0.9815    1.2852444171    7.5860
   3806  -0.0993     31.09526543     -0.9543    1.1427299273    7.6189
   3816  -0.0983     27.05442732     -0.9271    0.9942318657    7.6481
   3826  -0.0973     25.04648970     -0.8999    0.9204415193    7.6743
   3836  -0.0963     23.53067330     -0.8727    0.8647362943    7.6983
   3846  -0.0953     22.77423548     -0.8455    0.8369377171    7.7217
   3856  -0.0943     20.43035082     -0.8183    0.7508015444    7.7432
   3866  -0.0933     18.90213123     -0.7911    0.6946405103    7.7626
   3876  -0.0923     18.00955846     -0.7638    0.6618390659    7.7813
   3886  -0.0913     17.33077704     -0.7366    0.6368943089    7.7987
   3896  -0.0903     16.03821580     -0.7094    0.5893935594    7.8156
   3906  -0.0893     14.84859863     -0.6822    0.5456759350    7.8309
   3916  -0.0883     14.12886623     -0.6550    0.5192262570    7.8455
   3926  -0.0873     13.25483167     -0.6278    0.4871060796    7.8591
   3936  -0.0863     13.01060753     -0.6006    0.4781310077    7.8723
   3946  -0.0853     11.63800711     -0.5734    0.4276888726    7.8846
   3956  -0.0843     11.02956147     -0.5462    0.4053289079    7.8958
   3966  -0.0833     10.36305044     -0.5189    0.3808350793    7.9067
   3976  -0.0823      9.70419254     -0.4917    0.3566224979    7.9166
   3986  -0.0813      9.40336692     -0.4645    0.3455673604    7.9262
   3996  -0.0803      8.42333375     -0.4373    0.3095518056    7.9351
   4006  -0.0793      7.60476534     -0.4101    0.2794699715    7.9431
   4016  -0.0783      7.54354445     -0.3829    0.2772201453    7.9506
   4026  -0.0773      6.76574288     -0.3557    0.2486364649    7.9578
   4036  -0.0763      6.14469509     -0.3285    0.2258133796    7.9643
   4046  -0.0753      5.71164015     -0.3013    0.2098989039    7.9702
   4056  -0.0743      5.02702780     -0.2740    0.1847398644    7.9756
   4066  -0.0733      4.37703759     -0.2468    0.1608531646    7.9803
   4076  -0.0723      4.48466765     -0.2196    0.1648084962    7.9847
   4086  -0.0713      3.40904515     -0.1924    0.1252800985    7.9887
   4096  -0.0703      2.78374522     -0.1652    0.1023007500    7.9918
   4106  -0.0693      2.24710760     -0.1380    0.0825796811    7.9943
   4116  -0.0683      2.76956550     -0.1108    0.1017796550    7.9974
   4126  -0.0673      0.90119596     -0.0836    0.0331183407    7.9986
   4136  -0.0663      0.60642235     -0.0564    0.0222856103    7.9994
   4146  -0.0653      0.31293625     -0.0291    0.0115001952    7.9998
   4156  -0.0643      0.07472600     -0.0019    0.0027461298    8.0000
   4166  -0.0633      0.27896806      0.0253    0.0102518872    8.0001
   4176  -0.0623      0.58185882      0.0525    0.0213829173    8.0006
   4186  -0.0613      0.88612519      0.0797    0.0325645000    8.0013
   4196  -0.0603      2.32112014      0.1069    0.0852995918    8.0024
   4206  -0.0593      2.68208442      0.1341    0.0985647846    8.0056
   4216  -0.0583      2.88583255      0.1613    0.1060523900    8.0082
   4226  -0.0573      3.59034130      0.1885    0.1319426091    8.0114
   4236  -0.0563      4.70941055      0.2158    0.1730676455    8.0155
   4246  -0.0553      4.73097933      0.2430    0.1738602837    8.0203
   4256  -0.0543      5.72128355      0.2702    0.2102532923    8.0254
   4266  -0.0533      6.14236764      0.2974    0.2257278474    8.0315
   4276  -0.0523      7.01817276      0.3246    0.2579130918    8.0380
   4286  -0.0513      8.19684926      0.3518    0.3012286544    8.0456
   4296  -0.0503      8.38907431      0.3790    0.3082927945    8.0539
   4306  -0.0493      9.77870880      0.4062    0.3593609202    8.0629
   4316  -0.0483     10.44326340      0.4335    0.3837828512    8.0730
   4326  -0.0473     12.31777182      0.4607    0.4526697650    8.0844
   4336  -0.0463     13.15489624      0.4879    0.4834335200    8.0973
   4346  -0.0453     15.02481798      0.5151    0.5521518767    8.1113
   4356  -0.0443     16.90380391      0.5423    0.6212033360    8.1271
   4366  -0.0433     21.33417552      0.5695    0.7840164895    8.1459
   4376  -0.0423     23.51016567      0.5967    0.8639826526    8.1685
   4386  -0.0413     34.22576670      0.6239    1.2577737271    8.1969
   4396  -0.0403     63.90251164      0.6511    2.3483739880    8.2457
   4406  -0.0393     46.20788162      0.6784    1.6981083288    8.3031
   4416  -0.0383     37.70373337      0.7056    1.3855866448    8.3444
   4426  -0.0373     33.54369076      0.7328    1.2327078985    8.3798
   4436  -0.0363     30.89341852      0.7600    1.1353121903    8.4117
   4446  -0.0353     29.05222985      0.7872    1.0676497545    8.4418
   4456  -0.0343     27.84221873      0.8144    1.0231826663    8.4701
   4466  -0.0333     26.86918927      0.8416    0.9874244930    8.4975
   4476  -0.0323     26.15774124      0.8688    0.9612792603    8.5241
   4486  -0.0313     25.49642457      0.8960    0.9369763210    8.5498
   4496  -0.0303     25.08784959      0.9233    0.9219614673    8.5751
   4506  -0.0293     25.20392177      0.9505    0.9262270414    8.6003
   4516  -0.0283     24.54100893      0.9777    0.9018654438    8.6251
   4526  -0.0273     25.08110561      1.0049    0.9217136307    8.6497
   4536  -0.0263     29.02303627      1.0321    1.0665769102    8.6760
   4546  -0.0253     36.68392934      1.0593    1.3481095378    8.7097
   4556  -0.0243     34.99346550      1.0865    1.2859861379    8.7456
   4566  -0.0233     35.91812388      1.1137    1.3199667064    8.7813
   4576  -0.0223     35.97413988      1.1409    1.3220252563    8.8170
   4586  -0.0213     35.14067490      1.1682    1.2913959834    8.8526
   4596  -0.0203     34.20090670      1.1954    1.2568601390    8.8873
   4606  -0.0193     34.97762617      1.2226    1.2854040529    8.9220
   4616  -0.0183     35.08775969      1.2498    1.2894513853    8.9568
   4626  -0.0173     35.42036332      1.2770    1.3016743432    8.9922
   4636  -0.0163     33.96245790      1.3042    1.2480973074    9.0269
   4646  -0.0153     33.66632560      1.3314    1.2372146459    9.0606
   4656  -0.0143     35.17875586      1.3586    1.2927954328    9.0948
   4666  -0.0133     34.21559424      1.3859    1.2573998960    9.1299
   4676  -0.0123     33.91056544      1.4131    1.2461902945    9.1638
   4686  -0.0113     34.53102127      1.4403    1.2689916258    9.1980
   4696  -0.0103     33.94863505      1.4675    1.2475893271    9.2322
   4706  -0.0093     34.10827447      1.4947    1.2534559675    9.2664
   4716  -0.0083     34.33224693      1.5219    1.2616868035    9.3004
   4726  -0.0073     33.69815526      1.5491    1.2383843644    9.3346
   4736  -0.0063     33.52045063      1.5763    1.2318538396    9.3682
   4746  -0.0053     34.27244789      1.6035    1.2594892294    9.4019
   4756  -0.0043     34.79307907      1.6308    1.2786220723    9.4367
   4766  -0.0033     34.59455143      1.6580    1.2713263159    9.4713
   4776  -0.0023     36.16145349      1.6852    1.3289089046    9.5069
   4786  -0.0013     36.50674930      1.7124    1.3415982914    9.5429
   4796  -0.0003     36.80485825      1.7396    1.3525535936    9.5796
   4806   0.0007     36.62779228      1.7668    1.3460465392    9.6164
   4816   0.0017     37.01060430      1.7940    1.3601146215    9.6530
   4826   0.0027     36.98137059      1.8212    1.3590403022    9.6902
   4836   0.0037     37.21135321      1.8484    1.3674920076    9.7273
   4846   0.0047     37.47393124      1.8757    1.3771415722    9.7646
   4856   0.0057     38.76364037      1.9029    1.4245375085    9.8028
   4866   0.0067     38.29236413      1.9301    1.4072184262    9.8413
   4876   0.0077     38.12088659      1.9573    1.4009167429    9.8794
   4886   0.0087     39.53044542      1.9845    1.4527170745    9.9182
   4896   0.0097     39.72078386      2.0117    1.4597118830    9.9579
   4906   0.0107     40.66675212      2.0389    1.4944755754    9.9980
   4916   0.0117     42.09659659      2.0661    1.5470213905   10.0395
   4926   0.0127     43.19569863      2.0933    1.5874126456   10.0820
   4936   0.0137     45.86111775      2.1206    1.6853649914   10.1261
   4946   0.0147     51.59005175      2.1478    1.8958994329   10.1749
   4956   0.0157     48.33246683      2.1750    1.7761853951   10.2261
   4966   0.0167     43.18449352      2.2022    1.5870008653   10.2714
   4976   0.0177     40.26700607      2.2294    1.4797851790   10.3131
   4986   0.0187     38.08221525      2.2566    1.3994955973   10.3521
   4996   0.0197     37.78964748      2.2838    1.3887439302   10.3900
   5006   0.0207     37.50355982      2.3110    1.3782304026   10.4276
   5016   0.0217     35.79277232      2.3382    1.3153601214   10.4644
   5026   0.0227     34.55266115      2.3655    1.2697868766   10.4995
   5036   0.0237     34.00900250      2.3927    1.2498077896   10.5337
   5046   0.0247     34.19048616      2.4199    1.2564771914   10.5679
   5056   0.0257     33.90026544      2.4471    1.2458117767   10.6019
   5066   0.0267     33.41017204      2.4743    1.2278011763   10.6358
   5076   0.0277     31.79858253      2.5015    1.1685763542   10.6680
   5086   0.0287     32.18960542      2.5287    1.1829461803   10.7001
   5096   0.0297     32.49429561      2.5559    1.1941433382   10.7324
   5106   0.0307     32.93870870      2.5832    1.2104752181   10.7651
   5116   0.0317     31.92836690      2.6104    1.1733458416   10.7978
   5126   0.0327     37.07436086      2.6376    1.3624576318   10.8301
   5136   0.0337     56.35696465      2.6648    2.0710802509   10.8787
   5146   0.0347     56.19683028      2.6920    2.0651954210   10.9349
   5156   0.0357     59.21902177      2.7192    2.1762589099   10.9923
   5166   0.0367     67.26014973      2.7464    2.4717649119   11.0550
   5176   0.0377     75.20372305      2.7736    2.7636858472   11.1272
   5186   0.0387     92.78360592      2.8008    3.4097346266   11.2092
   5196   0.0397    148.80087854      2.8281    5.4683314253   11.3281
   5206   0.0407     28.39660939      2.8553    1.0435561471   11.4217
   5216   0.0417     53.33333636      2.8825    1.9599639605   11.4576
   5226   0.0427     55.81072487      2.9097    2.0510063091   11.5207
   5236   0.0437     36.13578329      2.9369    1.3279655423   11.5628
   5246   0.0447     30.61754482      2.9641    1.1251740188   11.5956
   5256   0.0457     29.66298528      2.9913    1.0900946027   11.6258
   5266   0.0467     28.38156270      3.0185    1.0430031914   11.6548
   5276   0.0477     26.55631668      3.0457    0.9759266374   11.6821
   5286   0.0487     26.68872479      3.0730    0.9807925459   11.7087
   5296   0.0497     25.90846143      3.1002    0.9521183963   11.7351
   5306   0.0507     24.56508177      3.1274    0.9027501043   11.7604
   5316   0.0517     23.61972089      3.1546    0.8680087326   11.7844
   5326   0.0527     23.89824029      3.1818    0.8782441318   11.8081
   5336   0.0537     24.67648339      3.2090    0.9068440384   11.8323
   5346   0.0547     24.14334826      3.2362    0.8872516838   11.8571
   5356   0.0557     22.04194837      3.2634    0.8100266621   11.8800
   5366   0.0567     21.08710355      3.2906    0.7749367621   11.9015
   5376   0.0577     20.77171489      3.3179    0.7633464427   11.9224
   5386   0.0587     20.67269252      3.3451    0.7597074378   11.9431
   5396   0.0597     21.53677343      3.3723    0.7914618254   11.9640
   5406   0.0607     23.24653380      3.3995    0.8542943601   11.9866
   5416   0.0617     20.84000002      3.4267    0.7658558750   12.0089
   5426   0.0627     19.63398301      3.4539    0.7215355673   12.0289
   5436   0.0637     19.43923952      3.4811    0.7143788761   12.0484
   5446   0.0647     19.19769495      3.5083    0.7055022768   12.0678
   5456   0.0657     18.95608002      3.5355    0.6966230917   12.0868
   5466   0.0667     19.18722884      3.5628    0.7051176544   12.1058
   5476   0.0677     20.44939846      3.5900    0.7515015322   12.1258
   5486   0.0687     20.44135600      3.6172    0.7512059772   12.1462
   5496   0.0697     19.05301469      3.6444    0.7001853752   12.1660
   5506   0.0707     18.27674630      3.6716    0.6716580381   12.1846
   5516   0.0717     18.26603755      3.6988    0.6712644989   12.2028
   5526   0.0727     18.24295724      3.7260    0.6704163130   12.2211
   5536   0.0737     18.18389086      3.7532    0.6682456638   12.2393
   5546   0.0747     18.55870018      3.7805    0.6820196522   12.2577
   5556   0.0757     19.65517217      3.8077    0.7223142544   12.2767
   5566   0.0767     19.37650508      3.8349    0.7120734280   12.2963
   5576   0.0777     20.10400982      3.8621    0.7388087339   12.3159
   5586   0.0787     18.71978344      3.8893    0.6879393528   12.3355
   5596   0.0797     18.46790049      3.9165    0.6786828250   12.3541
   5606   0.0807     18.37831412      3.9437    0.6753905866   12.3725
   5616   0.0817     18.49018992      3.9709    0.6795019465   12.3909
   5626   0.0827     18.93987602      3.9981    0.6960276057   12.4096
   5636   0.0837     18.99560897      4.0254    0.6980757539   12.4286
   5646   0.0847     21.63828457      4.0526    0.7951922909   12.4485
   5656   0.0857     33.32484596      4.0798    1.2246655006   12.4766
   5666   0.0867     34.01849753      4.1070    1.2501567258   12.5103
   5676   0.0877     37.13424784      4.1342    1.3646584377   12.5452
   5686   0.0887     34.76969335      4.1614    1.2777626629   12.5816
   5696   0.0897     35.05944333      4.1886    1.2884107781   12.6165
   5706   0.0907     32.15183040      4.2158    1.1815579738   12.6506
   5716   0.0917     30.63803172      4.2430    1.1259268986   12.6811
   5726   0.0927     54.79671641      4.2703    2.0137421855   12.7224
   5736   0.0937     48.34781852      4.2975    1.7767495593   12.7758
   5746   0.0947     48.08077712      4.3247    1.7669359690   12.8242
   5756   0.0957     45.93005755      4.3519    1.6878984823   12.8708
   5766   0.0967     74.23320999      4.3791    2.7280201502   12.9267
   5776   0.0977     73.16161099      4.4063    2.6886396131   13.0059
   5786   0.0987     64.41143374      4.4335    2.3670765303   13.0738
   5796   0.0997     68.97053873      4.4607    2.5346205485   13.1395
   5806   0.1007     72.33865907      4.4879    2.6583966879   13.2107
   5816   0.1017     71.22090282      4.5152    2.6173199032   13.2829
   5826   0.1027     67.16522577      4.5424    2.4682765209   13.3527
   5836   0.1037     62.28984624      4.5696    2.2891096277   13.4168
   5846   0.1047     60.94185466      4.5968    2.2395718510   13.4784
   5856   0.1057     60.62331970      4.6240    2.2278659070   13.5390
   5866   0.1067     58.95698680      4.6512    2.1666293023   13.5990
   5876   0.1077     55.74800610      4.6784    2.0487014369   13.6564
   5886   0.1087     54.20231090      4.7056    1.9918981858   13.7113
   5896   0.1097     53.01100686      4.7329    1.9481185700   13.7649
   5906   0.1107     52.10324445      4.7601    1.9147589169   13.8174
   5916   0.1117     50.52584711      4.7873    1.8567906335   13.8687
   5926   0.1127     49.61294681      4.8145    1.8232421663   13.9189
   5936   0.1137     47.85331734      4.8417    1.7585769760   13.9675
   5946   0.1147     46.81870653      4.8689    1.7205557303   14.0148
   5956   0.1157     47.30636614      4.8961    1.7384768904   14.0618
   5966   0.1167     48.52492339      4.9233    1.7832580433   14.1096
   5976   0.1177     47.62512818      4.9505    1.7501911792   14.1578
   5986   0.1187     47.53865368      4.9778    1.7470132998   14.2055
   5996   0.1197     45.72459149      5.0050    1.6803477439   14.2522
   6006   0.1207     43.88341449      5.0322    1.6126857372   14.2969
   6016   0.1217     43.01088573      5.0594    1.5806208966   14.3404
   6026   0.1227     43.57184173      5.0866    1.6012356494   14.3834
   6036   0.1237     42.25880303      5.1138    1.5529823674   14.4268
   6046   0.1247     40.27678323      5.1410    1.4801444829   14.4678
   6056   0.1257     39.79285487      5.1682    1.4623604437   14.5078
   6066   0.1267     38.87498081      5.1954    1.4286291943   14.5473
   6076   0.1277     38.49402692      5.2227    1.4146293971   14.5858
   6086   0.1287     37.46267878      5.2499    1.3767280522   14.6240
   6096   0.1297     36.42704423      5.2771    1.3386691844   14.6607
   6106   0.1307     36.43582921      5.3043    1.3389920264   14.6971
   6116   0.1317     36.60823312      5.3315    1.3453277531   14.7337
   6126   0.1327     36.15393331      5.3587    1.3286325431   14.7702
   6136   0.1337     35.83015593      5.3859    1.3167339438   14.8062
   6146   0.1347     33.98843395      5.4131    1.2490519093   14.8409
   6156   0.1357     33.03513933      5.4403    1.2140189785   14.8746
   6166   0.1367     31.80251728      5.4676    1.1687209536   14.9070
   6176   0.1377     31.37224329      5.4948    1.1529086762   14.9386
   6186   0.1387     30.36983417      5.5220    1.1160708203   14.9694
   6196   0.1397     30.79185655      5.5492    1.1315798568   14.9999
   6206   0.1407     30.41912210      5.5764    1.1178821185   15.0306
   6216   0.1417     28.33987845      5.6036    1.0414713237   15.0601
   6226   0.1427     24.73388891      5.6308    0.9089536523   15.0869
   6236   0.1437     22.83966252      5.6580    0.8393421164   15.1102
   6246   0.1447     22.92972622      5.6852    0.8426518961   15.1331
   6256   0.1457     23.13853718      5.7125    0.8503255576   15.1561
   6266   0.1467     23.74859084      5.7397    0.8727446161   15.1796
   6276   0.1477     24.57037312      5.7669    0.9029445578   15.2037
   6286   0.1487     24.59332319      5.7941    0.9037879574   15.2284
   6296   0.1497     24.13170314      5.8213    0.8868237332   15.2527
   6306   0.1507     24.51813389      5.8485    0.9010248013   15.2771
   6316   0.1517     23.82186349      5.8757    0.8754373362   15.3012
   6326   0.1527     24.15792252      5.9029    0.8877872778   15.3252
   6336   0.1537     25.30745130      5.9302    0.9300316811   15.3499
   6346   0.1547     25.15608452      5.9574    0.9244690546   15.3752
   6356   0.1557     25.02952798      5.9846    0.9198181876   15.4002
   6366   0.1567     25.38312419      6.0118    0.9328126086   15.4254
   6376   0.1577     26.14698527      6.0390    0.9608839856   15.4511
   6386   0.1587     27.09532297      6.0662    0.9957347532   15.4779
   6396   0.1597     27.78521496      6.0934    1.0210878165   15.5052
   6406   0.1607     27.17636255      6.1206    0.9987129029   15.5328
   6416   0.1617     27.92888993      6.1478    1.0263677740   15.5603
   6426   0.1627     28.87926258      6.1751    1.0612933249   15.5886
   6436   0.1637     30.19109664      6.2023    1.1095023372   15.6182
   6446   0.1647     31.87795830      6.2295    1.1714933597   15.6493
   6456   0.1657     29.33955721      6.2567    1.0782088403   15.6802
   6466   0.1667     25.68662642      6.2839    0.9439661098   15.7077
   6476   0.1677     24.57611678      6.3111    0.9031556333   15.7325
   6486   0.1687     21.92198053      6.3383    0.8056179252   15.7562
   6496   0.1697     19.75200325      6.3655    0.7258727311   15.7769
   6506   0.1707     17.36847285      6.3927    0.6382796045   15.7953
   6516   0.1717     17.79110023      6.4200    0.6538108744   15.8127
   6526   0.1727     18.39822423      6.4472    0.6761222698   15.8309
   6536   0.1737     16.69354466      6.4744    0.6134764509   15.8486
   6546   0.1747     15.93499745      6.5016    0.5856003553   15.8648
   6556   0.1757     15.38814408      6.5288    0.5655038644   15.8804
   6566   0.1767     15.05772466      6.5560    0.5533611746   15.8956
   6576   0.1777     14.40185589      6.5832    0.5292584420   15.9104
   6586   0.1787     14.05588606      6.6104    0.5165442854   15.9246
   6596   0.1797     12.19082830      6.6376    0.4480046769   15.9380
   6606   0.1807      9.11912695      6.6649    0.3351217344   15.9486
   6616   0.1817      7.22521143      6.6921    0.2655216225   15.9566
   6626   0.1827      6.81998738      6.7193    0.2506299136   15.9635
   6636   0.1837      6.23588666      6.7465    0.2291646079   15.9701
   6646   0.1847      4.92956830      6.7737    0.1811582935   15.9758
   6656   0.1857      3.46831616      6.8009    0.1274582680   15.9799
   6666   0.1867      2.98629762      6.8281    0.1097444135   15.9831
   6676   0.1877      2.40244384      6.8553    0.0882881825   15.9858
   6686   0.1887      1.55702591      6.8826    0.0572196469   15.9878
   6696   0.1897      1.22470392      6.9098    0.0450070390   15.9892
   6706   0.1907      1.15329477      6.9370    0.0423828011   15.9903
   6716   0.1917      1.09421369      6.9642    0.0402116115   15.9915
   6726   0.1927      1.06994410      6.9914    0.0393197203   15.9925
   6736   0.1937      1.03827623      7.0186    0.0381559478   15.9936
   6746   0.1947      0.83375508      7.0458    0.0306399341   15.9946
   6756   0.1957      0.62870152      7.0730    0.0231043546   15.9953
   6766   0.1967      0.56146118      7.1002    0.0206333179   15.9959
   6776   0.1977      0.55995709      7.1275    0.0205780435   15.9964
   6786   0.1987      0.57114149      7.1547    0.0209890626   15.9970
   6796   0.1997      0.58265258      7.1819    0.0214120875   15.9976
   6806   0.2007      0.58290676      7.2091    0.0214214283   15.9982
   6816   0.2017      0.50375008      7.2363    0.0185124740   15.9987
   6826   0.2027      0.38514680      7.2635    0.0141538838   15.9991
   6836   0.2037      0.25580776      7.2907    0.0094007617   15.9995
   6846   0.2047      0.15616645      7.3179    0.0057390112   15.9997
   6856   0.2057      0.11077389      7.3451    0.0040708652   15.9998
   6866   0.2067      0.06715595      7.3724    0.0024679355   15.9999
   6876   0.2077      0.04220997      7.3996    0.0015511877   15.9999
   6886   0.2087      0.02694999      7.4268    0.0009903940   16.0000
   6896   0.2097      0.01171412      7.4540    0.0004304859   16.0000
   6906   0.2107      0.00055375      7.4812    0.0000203499   16.0000
   6916   0.2117      0.00000000      7.5084    0.0000000000   16.0000
   6926   0.2127      0.00000000      7.5356    0.0000000000   16.0000
   6936   0.2137      0.00000000      7.5628    0.0000000000   16.0000
   6946   0.2147      0.00000000      7.5900    0.0000000000   16.0000
   6956   0.2157      0.00000000      7.6173    0.0000000000   16.0000
   6966   0.2167      0.00000000      7.6445    0.0000000000   16.0000
   6976   0.2177      0.00000000      7.6717    0.0000000000   16.0000
   6986   0.2187      0.00000000      7.6989    0.0000000000   16.0000
END
